17.361507
17.051888
17.179497
17.309452
17.119143
17.253811
17.187641
16.971745
16.974154
16.931511
17.151213
17.150532
16.965466
17.024460
17.164036
17.263826
17.115307
17.232107
17.049942
17.096001
16.915852
17.189680
17.032007
17.216423
17.230677
16.891243
16.971413
17.056309
17.033518
17.250505
17.001270
17.101564
17.109009
17.294636
17.116104
17.079330
16.827478
16.986668
16.893116
17.158710
17.042175
16.807238
17.036476
16.908241
17.006468
16.943703
16.816128
16.868036
16.865374
16.873978
16.798288
16.797075
16.842348
16.943663
16.894920
16.869614
16.801712
16.786190
16.755342
16.857862
16.857327
16.898396
17.011158
16.869408
16.592613
16.838800
16.828594
16.596605
16.775553
17.057362
16.841421
16.870363
16.955084
17.009920
16.673800
16.491037
16.610809
16.791840
17.077034
16.900856
16.753675
16.676188
16.802877
16.958233
16.797121
16.678526
16.897673
16.672028
16.591425
16.655426
16.907225
16.707977
16.890749
16.974569
16.628286
16.752832
16.797949
16.909891
16.757437
16.793795
16.667221
16.544418
16.744701
16.686642
16.681206
16.624573
16.510323
16.703602
16.799835
16.530178
16.560513
16.893885
16.506340
16.577814
16.503326
16.653534
16.447990
16.605490
16.564747
16.610466
16.720182
16.476263
16.591591
16.338840
16.337900
16.325525
16.344061
16.366693
16.547134
16.369228
16.378080
16.414351
16.586966
16.494598
16.475344
16.330709
16.413763
16.416092
16.640188
16.648979
16.418377
16.450602
16.556164
16.728392
16.301710
16.559235
16.273869
16.349056
16.655182
16.211735
16.281029
16.477638
16.343693
16.033743
16.167933
16.558479
16.183498
16.323563
16.200649
16.265266
16.403503
16.249559
16.312140
16.181183
16.099848
15.978646
16.126423
16.170607
16.279449
15.782185
16.319237
16.154114
16.166588
16.485979
16.031656
15.821193
16.201921
16.131163
16.000996
15.892493
15.965229
15.851874
16.077467
16.238905
16.013046
16.019217
16.095533
15.823296
16.355015
16.095346
16.245306
15.774046
16.136154
16.183790
15.959588
15.839060
16.146879
15.961020
15.961684
15.982675
16.087048
16.180008
15.777690
15.839652
16.111952
16.020424
16.021328
16.025976
15.854095
15.694084
15.594145
16.012918
15.497198
16.103994
15.556538
15.611676
15.753861
15.705238
16.136383
15.714834
16.083761
15.687488
15.908765
15.111525
16.040720
15.836370
15.511606
15.608425
15.834041
15.521369
15.748933
15.302573
15.646605
15.510463
15.491045
15.678683
15.394773
15.815116
15.678031
14.714073
15.312687
15.607857
15.476951
15.084308
15.033865
15.388899
15.572194
15.699821
15.215359
15.226972
15.408610
15.197136
15.423554
15.627878
15.104167
14.933500
15.294626
15.418038
15.009151
14.708924
14.468114
14.803814
15.050216
15.054349
14.762589
14.579974
14.910801
15.143829
14.525688
14.605895
14.499027
14.696129
14.829246
14.979559
14.720167
14.524834
14.609135
14.486951
14.501899
14.734607
14.157236
14.744317
14.051277
14.615095
14.930933
14.540238
14.503839
13.710008
15.051618
14.052627
14.377352
14.315771
13.857861
14.357564
14.361120
14.303639
14.045487
13.607158
13.859147
13.650189
13.655369
14.399424
13.724462
14.141375
13.108179
13.329910
13.824709
14.055007
14.013548
13.303185
13.558905
13.878411
13.137789
13.571965
12.948975
13.549397
13.291046
12.575224
13.588292
13.236286
12.817616
13.146432
13.128589
13.274243
13.460208
12.728388
12.966759
12.761214
12.475233
13.327636
12.046773
12.729925
13.221434
12.962268
12.716245
11.536261
11.381412
13.572297
11.572117
12.163589
11.834466
11.880530
12.599758
13.066184
12.323874
12.002569
12.191381
12.523052
12.094427
12.175080
11.796065
11.945656
11.030486
11.419092
12.081687
10.527879
11.598644
11.006282
12.417038
11.743020
11.010459
11.717723
11.068807
11.652485
11.668013
11.174631
10.601727
10.448202
10.458442
10.865146
10.511045
11.571114
10.537813
11.127252
10.165695
11.201471
10.563341
10.469930
11.213416
9.760038
9.771868
8.796687
9.641866
10.652750
11.497024
9.150352
10.639482
10.460118
10.376880
9.913551
10.356938
10.374345
9.576590
9.677743
9.791713
10.033216
10.846367
9.636648
10.367695
9.655766
10.677187
9.817989
9.559256
9.362197
9.024415
9.424438
9.194689
8.440996
8.336775
7.788002
8.546276
8.549316
7.970702
8.907393
8.323947
8.121977
7.945563
9.459097
8.057016
8.310946
7.867589
8.276864
8.573903
8.430843
9.175470
8.077767
9.214485
8.927613
9.030100
9.067842
9.703393
9.455197
8.000518
8.863598
8.832543
7.814254
7.840360
8.347172
8.356191
8.469975
8.213284
8.449395
7.119843
8.970238
6.783526
6.725996
8.373560
7.399544
7.376148
8.143971
6.220679
6.931732
6.966055
6.499400
7.363165
6.882293
7.836961
6.869437
7.270239
7.102948
6.301341
8.031156
7.750340
7.824444
7.366971
5.818139
6.401137
7.266043
6.249043
6.867425
6.871722
8.668449
7.096096
5.955497
5.641048
6.646005
6.482344
6.913397
7.309202
6.747641
6.924725
6.359837
6.417781
6.496174
6.343061
5.781253
5.069403
5.381323
5.294456
5.588585
5.970428
6.013079
5.722341
5.843303
6.255595
5.309368
6.269670
5.813092
5.518933
6.951519
6.446956
6.276387
5.408587
5.995861
5.898757
6.302268
5.105980
5.906260
5.684606
7.100164
5.547205
4.292961
6.987298
5.626431
5.505808
5.566812
6.025621
6.084768
4.566383
4.926308
5.008535
3.717042
4.705920
3.758452
4.586849
5.301286
4.152145
4.848084
4.621950
5.183700
5.113131
4.586425
3.791291
4.804745
4.358354
5.201843
4.788034
4.668164
6.091248
4.295897
4.200362
3.246064
5.041597
4.470007
4.255767
4.526490
3.209964
4.655325
5.602746
5.108634
4.299121
3.689415
4.552417
4.511653
3.940981
4.351609
4.109645
3.518292
3.673565
3.830301
3.893499
4.082713
4.014376
4.186227
4.813700
3.390210
4.938554
3.041022
3.926551
4.672355
4.883600
3.676917
4.671138
3.522498
3.089977
2.825161
4.335638
4.117980
4.528229
4.023829
3.676552
4.312806
3.466636
5.094338
3.315172
4.676991
5.059422
4.661280
4.005080
3.836203
3.235078
3.241012
3.873456
2.759558
2.959147
2.783517
3.450724
3.235317
2.504267
3.010802
3.601897
3.224944
3.651299
2.827196
2.846769
2.275806
4.341958
3.159977
3.606112
3.143519
2.918243
3.427268
3.082279
3.936981
3.468993
4.309787
2.335515
2.560688
2.868934
3.114891
1.928477
3.011430
4.264810
3.344337
2.205114
3.205678
2.704974
3.289773
3.650899
1.753134
2.150308
2.198474
2.234978
2.071750
2.060228
2.596404
2.562606
2.126644
1.883043
2.816837
2.486100
2.193818
3.564123
2.357243
3.294202
1.719997
1.836720
2.523715
2.587029
2.367524
3.420563
1.946970
3.385180
2.681110
3.562268
2.961135
2.545281
3.353451
2.321262
2.113698
2.950632
2.833501
2.508557
3.317814
2.926733
1.924740
1.579326
2.198837
1.999234
1.927440
2.302402
1.810170
2.588180
2.120229
2.058155
2.213118
1.559783
1.434476
1.886268
2.118577
2.443987
1.665645
3.085902
1.226548
1.413971
2.748596
2.335212
2.121092
2.119196
2.018308
1.258843
2.573864
3.160675
2.608143
2.685635
2.692612
1.617664
3.195625
1.843506
2.505125
1.655066
1.387739
1.831536
1.565663
1.841046
1.276083
1.147285
2.049452
1.192171
1.917909
1.183728
1.263024
1.211663
2.164002
2.386854
1.936501
1.742536
1.759786
1.573398
1.829238
2.509344
2.386050
1.602090
1.958145
1.925890
2.034395
1.818579
0.950412
0.835564
1.303545
1.418380
2.116535
2.078464
2.438918
2.648544
1.488886
2.214748
1.615309
2.038936
1.055172
1.640983
1.029488
1.968578
1.375566
0.794902
1.208701
1.354690
2.060730
1.548153
1.158827
1.213319
1.635751
1.223218
1.134764
1.181203
1.398799
1.394556
1.121668
2.802640
1.223806
1.358686
2.697721
1.304057
0.821317
1.849382
1.318852
2.181242
1.529121
1.157025
0.976693
1.672077
1.094499
1.422201
1.366418
0.968600
1.905543
1.680997
0.892362
1.102063
1.327755
1.105660
1.122515
1.412518
1.551809
1.214413
1.540814
1.423788
0.962945
1.386898
0.925601
1.372495
0.730040
1.993140
1.993952
0.980373
1.241617
1.616211
1.069659
1.836685
1.255967
0.449311
1.761904
1.047077
1.055452
2.196809
1.248029
1.426685
1.037905
1.063526
1.920933
1.961808
1.949865
2.306307
1.616316
0.560988
1.207309
0.772348
0.593514
0.748026
1.215881
0.946723
0.737545
0.976462
1.297601
1.515658
0.627527
0.904476
1.574325
1.033429
0.416213
1.172858
1.126248
1.161298
1.426653
1.444195
0.639846
1.021898
1.149097
0.564580
1.680933
1.683239
1.310365
0.948550
1.927916
1.328997
0.984529
1.135433
0.993149
1.426161
1.353192
1.416389
0.411205
0.449981
0.815330
0.672078
0.613766
0.803376
0.643861
0.538981
0.703201
0.677135
1.236181
1.131207
0.890714
1.233886
0.745661
0.447787
1.145900
0.827535
1.161885
1.829291
1.007526
0.383114
0.638019
1.162150
0.900645
0.917168
1.657119
0.864242
0.785752
1.010427
1.548201
0.995475
0.848985
0.637002
1.074778
1.335738
0.873716
0.504665
0.322630
1.478817
0.997768
0.884381
0.825030
0.631683
0.792059
0.443982
0.742314
0.500209
0.855995
0.801378
0.918361
0.639422
0.953227
0.361121
1.045347
1.043706
1.701923
0.707908
0.684527
0.781304
0.727289
0.478681
1.504166
1.272694
0.588365
1.133034
0.990520
0.975563
0.904097
0.731361
0.677550
0.798643
1.074070
0.809751
0.995817
1.183318
0.949097
0.506882
0.451930
0.630307
0.846707
0.695224
0.865551
1.128123
0.530408
0.297078
0.643047
1.904688
0.783832
0.489051
0.758154
0.378233
1.088024
0.986787
1.300565
0.594889
0.413581
1.114851
0.890900
1.350116
0.487939
0.757499
1.172593
0.433987
0.480170
0.828315
1.137382
0.606523
0.618944
0.647830
1.027897
0.656272
0.451942
0.809574
0.594436
0.504949
0.173525
0.747513
0.298277
0.213233
0.204348
0.867444
0.543518
0.869075
1.093373
0.491525
0.752262
0.586724
0.485907
1.025091
0.652439
0.843876
0.737067
0.785155
0.578075
0.602930
0.976559
0.695012
0.503141
0.556052
0.573083
0.626469
1.072345
1.187909
0.450118
0.931172
0.712911
0.683595
0.299360
0.729568
0.474572
0.512588
0.535103
0.428411
0.520923
0.572407
0.721749
0.554586
0.431500
0.705197
0.546975
0.662174
0.761549
0.742484
0.762304
0.357425
0.824575
0.523336
0.605432
0.523394
0.398042
0.414717
0.428535
0.818826
0.824131
0.463246
1.252454
0.225938
0.573551
1.020638
1.077197
0.648206
0.658925
0.711987
0.374612
0.326117
0.294305
0.647121
0.588513
0.240320
0.738484
0.758212
1.032065
0.140979
0.417183
0.572056
0.578009
0.531816
0.591199
0.687896
0.682062
0.457922
1.304838
0.606771
1.285995
0.787790
0.362194
0.620459
0.738917
0.944980
0.682288
0.883569
0.830686
0.729264
0.997485
0.987403
0.767691
1.406674
0.450141
0.825231
0.790291
0.809891
0.233563
0.942971
0.672731
0.086784
1.198886
0.379337
0.488494
0.317836
0.625478
0.761736
0.339994
0.597754
0.763527
0.429052
0.806980
0.951322
0.742696
0.219880
0.616160
0.453958
0.924420
1.208270
0.801770
0.533206
0.153522
0.515065
0.250482
0.935582
0.943489
0.729786
0.582377
0.557575
0.568845
0.616178
0.860761
0.363459
0.452238
0.352122
0.478558
0.453252
0.194521
0.401125
0.419329
0.635741
0.326455
0.117535
0.162519
0.502795
0.597524
0.319656
0.574556
0.500594
0.788904
0.693908
0.331625
0.390250
0.586603
0.447828
0.378799
0.849533
0.386401
0.378656
0.383792
1.001051
0.330166
0.813847
0.984844
0.733778
0.234859
0.186141
0.317019
0.566100
0.899765
0.619371
0.273243
0.377733
0.415512
0.597109
0.465878
0.383018
0.240313
0.654780
0.422071
0.417195
0.568730
0.665115
0.208810
0.415360
0.434121
0.588930
0.389830
0.608642
0.760703
0.356096
0.599461
0.565729
0.983029
0.689262
0.558103
0.723703
0.281874
1.204255
0.868863
0.734841
0.751774
0.317626
0.358655
0.564116
0.384983
0.401303
0.659591
0.259947
0.377875
0.460986
0.462827
0.303683
0.267584
0.158674
0.386201
0.359820
0.360676
0.304530
0.374953
0.431156
0.304289
0.385888
0.603813
0.388388
0.399172
0.321650
0.581956
0.474223
0.444864
0.913600
0.606033
0.341956
0.684214
0.829392
0.998178
0.295053
0.684572
0.728923
0.692843
0.705307
0.407440
1.250526
0.271700
0.836684
0.110978
0.158629
0.347536
0.330044
0.234396
0.162823
0.224041
0.226550
0.608882
0.505109
0.235073
0.364435
0.576172
0.788963
0.801345
0.414198
0.486066
0.287938
0.149333
0.555627
0.582824
0.290484
0.289512
0.243819
0.659591
1.240961
0.654674
0.651018
0.512622
0.294097
0.537514
0.399086
0.454121
0.611732
0.468307
0.403962
0.334079
0.499021
0.328222
0.120122
0.434072
0.376682
0.279583
0.403190
0.317860
0.403842
0.295951
0.335191
0.218126
0.478007
0.637975
0.352580
0.641856
0.471020
0.614875
0.673083
0.771430
0.157597
0.778529
0.581687
0.344160
0.134898
0.589062
0.672278
0.586373
0.688170
0.493830
0.476622
0.294709
0.204327
0.763150
0.203943
0.532614
0.283726
0.358745
0.581782
0.131260
0.158320
0.200012
0.281835
0.150211
0.521169
0.263497
0.352824
0.276672
0.122599
0.208712
0.198383
0.422313
0.222967
0.449043
0.420004
0.293534
0.165149
0.251854
0.145948
0.515632
0.462641
0.434484
0.616307
0.607807
0.460304
0.248826
0.416733
0.344442
1.044270
0.377951
0.825157
0.156812
0.838204
0.201277
0.196171
0.209764
0.690880
0.465502
0.180896
0.451564
0.513117
0.701317
0.690417
0.329115
0.639112
0.138084
0.314027
0.537393
0.292070
0.231553
0.737411
0.285279
0.520316
0.323436
0.294959
0.841841
0.431850
0.284853
0.710122
0.259328
0.347537
0.222907
0.390939
0.471457
0.309899
0.269736
0.245337
0.537909
0.275942
0.448312
0.933807
0.397672
0.068818
0.308578
0.258550
0.333893
0.145082
0.298130
0.297689
0.597552
0.640975
0.235729
0.526096
0.433868
0.088161
0.345760
0.453548
0.233216
0.546669
0.850322
0.389060
0.171659
0.296800
0.407724
0.335218
0.730150
0.223918
0.326348
0.501493
0.361601
0.258086
0.264142
0.269135
1.002215
0.593283
0.469171
0.495690
0.407770
0.332262
0.232379
0.427987
0.678388
0.642723
0.602805
0.303300
0.496712
0.192201
0.222352
0.269827
0.483470
0.388808
0.430462
0.116809
0.143154
0.315341
0.310371
0.286945
0.370685
0.633898
0.552983
0.186638
0.419317
0.069976
0.554950
0.688498
0.490842
0.512234
0.736804
0.167444
0.168368
0.219997
0.364579
0.126966
0.306816
0.242605
0.066135
0.362434
0.146634
0.489667
0.406270
0.168952
0.167069
0.166530
0.122185
0.318868
0.067645
0.304710
0.605840
0.538790
0.443541
0.110108
0.312474
0.343237
0.578046
0.063395
0.390243
0.442798
0.233981
0.406427
0.066316
0.206101
0.286912
0.260761
0.116638
0.357090
0.459374
0.465537
0.401812
0.195084
0.428010
0.309279
0.513973
0.333496
0.867412
0.112972
0.199763
0.239730
0.306491
0.151227
0.175333
0.316911
0.210709
0.205615
0.577333
0.255918
0.722039
0.642339
0.574688
0.255615
0.214444
0.503483
0.446669
0.183241
0.331146
0.257250
0.478353
0.329377
0.810349
0.453489
0.136715
0.513024
0.453287
0.446940
0.200770
0.603659
0.406409
0.291831
0.159441
0.379504
0.158210
0.296765
0.097138
0.106155
0.484413
0.172984
0.305106
0.356203
0.818841
0.319365
0.219110
0.598484
0.260606
0.521455
0.445857
0.285087
0.299496
0.482061
0.206375
0.248839
0.180991
0.506354
0.305190
0.607504
0.274456
0.630530
0.255317
0.407480
0.553000
0.473546
0.297158
0.249229
0.674738
0.339410
0.215479
0.453432
0.717610
0.099596
0.064071
0.259644
0.171890
0.326420
0.138861
0.093788
0.178642
0.069864
0.116341
0.352738
0.079337
0.265892
0.431107
0.194366
0.080566
0.200860
0.315052
0.201209
0.436624
0.288443
0.226573
0.640467
0.335286
0.395035
0.324294
0.316070
0.143723
0.549884
0.223054
0.440284
0.521491
0.401594
0.163647
0.570047
0.653323
0.475293
0.515800
0.071133
0.387906
0.048492
0.169569
0.179570
0.086041
0.292058
0.595504
0.373758
0.065442
0.629231
0.491255
0.177830
0.256663
0.108532
0.197509
0.248554
0.415884
0.201079
0.201017
0.574720
0.130201
0.420747
0.627619
0.409486
0.398672
0.230146
0.520118
0.129540
0.816211
0.456362
0.108703
0.265334
0.334397
0.423687
0.706108
0.336850
0.151759
0.173215
0.331945
0.161342
0.144018
0.250507
0.354437
0.117646
0.173976
0.153575
0.181487
0.188352
0.145135
0.241587
0.279841
0.152244
0.146317
0.241193
0.132437
0.509044
0.377722
0.111377
0.485321
0.418907
0.510385
0.120449
0.476130
0.119553
0.197531
0.078241
0.355761
0.365042
0.302701
0.257855
0.630454
0.710086
0.359483
0.236705
0.432940
0.053696
0.247306
0.120751
0.484049
0.190731
0.171747
0.069783
0.060141
0.155687
0.275520
0.071756
0.343254
0.277807
0.838025
0.068948
0.124605
0.407006
0.059691
0.120446
0.377420
0.181410
0.336525
0.799870
0.378103
0.331267
0.169089
0.169678
0.283910
0.376610
0.136195
0.177913
0.094697
0.561540
0.265378
0.315598
0.131865
0.116689
0.218095
0.047310
0.439109
0.222640
0.268714
0.062668
0.066300
0.073734
0.046801
0.309041
0.745575
0.090703
0.118476
0.227668
0.512490
0.126649
0.122793
0.364617
0.139798
0.274043
0.141161
0.264228
0.180358
0.321114
0.272394
0.203186
0.281349
0.569685
0.371151
0.228645
0.717303
0.323251
0.307610
0.206606
0.220942
0.114276
0.063255
0.346534
0.375296
0.074602
0.239075
0.509379
0.283841
0.239083
0.549402
0.920298
0.151846
0.630181
0.236160
0.431581
0.304965
0.551874
0.232759
0.168770
0.223239
0.127871
0.243732
0.070573
0.234319
0.368197
0.239522
0.514615
0.206829
0.128773
0.286325
0.504888
0.362913
0.679087
0.057390
0.483841
0.297153
0.157650
0.280603
0.048955
0.328058
0.554670
0.070011
0.414240
0.115098
0.084633
0.115875
0.161777
0.241823
0.198132
0.090775
0.322383
0.179923
0.372575
0.235094
0.199036
0.147756
0.091618
0.396475
0.220250
0.408316
0.282265
0.186247
0.250082
0.091329
0.512902
0.267933
0.152933
0.482225
0.343370
0.112022
0.187490
0.077611
0.356876
0.055549
0.279747
0.106459
0.360078
0.329042
0.083074
0.392899
0.166060
0.318452
0.068389
0.089074
0.308255
0.512153
0.293231
0.437559
0.171124
0.096773
0.099031
0.471875
0.148106
0.153985
0.212091
0.151880
0.468048
0.237882
0.332443
0.423086
0.055337
0.087717
0.554940
0.310431
0.273394
0.141966
0.211821
0.152430
0.180064
0.154002
0.209195
0.167028
0.322033
0.227015
0.213211
0.092573
0.231264
0.653834
0.108816
0.134910
0.076178
0.209554
0.145086
0.169444
0.533739
0.215229
0.349327
0.223610
0.046005
0.178231
0.314918
0.172143
0.079457
0.295587
0.110210
0.113906
0.160461
0.493187
0.345943
0.116152
0.159519
0.165179
0.132464
0.323250
0.242178
0.468307
0.071192
0.041461
0.109221
0.037843
0.279723
0.125653
0.281506
0.394161
0.444539
0.098472
0.170946
0.195013
0.184713
0.181799
0.160088
0.173359
0.047275
0.941754
0.283564
0.150905
0.228533
0.085996
0.159906
0.153811
0.122960
0.095814
0.321124
0.181015
0.310856
0.184134
0.307171
0.224489
0.147213
0.268238
0.230712
0.549943
0.094671
0.120256
0.078050
0.191226
0.298356
0.101324
0.113805
0.322264
0.079723
0.081307
0.095053
0.196507
0.137465
0.161439
0.378505
0.230430
0.263526
0.214375
0.463755
0.172134
0.280694
0.098023
0.211604
0.259678
0.089419
0.176068
0.398504
0.280256
0.186768
0.294508
0.227215
0.317778
0.546275
0.449163
0.429156
0.060946
0.593834
0.129101
0.059347
0.178703
0.151618
0.551714
0.152927
0.120888
0.261002
0.246559
0.361920
0.033994
0.116991
0.230955
0.069024
0.128823
0.136410
0.219522
0.122000
0.160095
0.212600
0.320475
0.143295
0.169252
0.366106
0.199836
0.285957
0.298708
0.157004
0.434906
0.286039
0.071986
0.212726
0.214047
0.295788
0.145950
0.499058
0.163518
0.118481
0.384995
0.202188
0.172223
0.137026
0.109663
0.164828
0.343414
0.052708
0.142438
0.101091
0.031928
0.047604
0.065163
0.126062
0.160312
0.211348
0.088120
0.147724
0.430327
0.080179
0.222619
0.210030
0.164519
0.335536
0.189056
0.295884
0.073331
0.091110
0.075475
0.226143
0.398599
0.323030
0.429227
0.074893
0.044780
0.289214
0.142852
0.315570
0.315757
0.484885
0.177666
0.095720
0.124335
0.054497
0.077974
0.284913
0.093004
0.150447
0.126365
0.435482
0.182202
0.344851
0.278489
0.398166
0.095721
0.149840
0.040886
0.174055
0.405999
0.256125
0.188887
0.146913
0.159724
0.277844
0.180281
0.216957
0.375302
0.420737
0.264825
0.103738
0.113727
0.433274
0.152693
0.193226
0.174932
0.224499
0.096057
0.573436
0.163467
0.239240
0.129938
0.070973
0.083241
0.176585
0.322302
0.544997
0.226401
0.454010
0.232686
0.275091
0.112226
0.293688
0.461876
0.217326
0.276638
0.307794
0.176563
0.145540
0.120551
0.250514
0.619678
0.306262
0.647948
0.331872
0.427198
0.050845
0.187227
0.148170
0.180949
0.276149
0.604397
0.385067
0.238629
0.211489
0.190347
0.150302
0.061870
0.059844
0.020873
0.072296
0.042413
0.145355
0.249543
0.508767
0.076328
0.078738
0.155933
0.533760
0.099980
0.128148
0.460291
0.071945
0.112230
0.084425
0.139793
0.258343
0.247145
0.171488
0.082051
0.285353
0.292030
0.261742
0.293886
0.165969
0.440051
0.351868
0.265533
0.242322
0.327911
0.385027
0.208050
0.226383
0.055260
0.056619
0.284066
0.186140
0.144123
0.040795
0.375890
0.053719
0.065480
0.288095
0.393289
0.207821
0.040788
0.369400
0.045918
0.290456
0.089975
0.370705
0.164567
0.209131
0.264773
0.204682
0.043963
0.053701
0.277235
0.070024
0.121042
0.266263
0.330617
0.297758
0.181187
0.205210
0.231424
0.359197
0.263196
0.114919
0.067775
0.096512
0.072673
0.086213
0.795159
0.088465
0.771438
0.055809
0.108136
0.028540
0.245526
0.165363
0.158783
0.169092
0.188987
0.053511
0.357536
0.089854
0.042126
0.160945
0.076143
0.075234
0.263552
0.101736
0.482733
0.234455
0.295416
0.199082
0.173786
0.193243
0.187152
0.080050
0.045795
0.297914
0.270668
0.183043
0.113194
0.168339
0.181834
0.061728
0.094903
0.040910
0.079290
0.037375
0.050458
0.160162
0.115255
0.183570
0.213649
0.247411
0.059741
0.126220
0.207239
0.632708
0.145012
0.057631
0.039769
0.340345
0.182153
0.110277
0.184161
0.037398
0.308375
0.147224
0.065251
0.326464
0.239453
0.252027
0.283960
0.634525
0.235069
0.114685
0.316511
0.110819
0.081850
0.060392
0.174072
0.203906
0.058554
0.114618
0.112428
0.106916
0.119245
0.039909
0.073807
0.539520
0.162780
0.248512
0.065163
0.034555
0.587436
0.341268
0.302363
0.291986
0.341646
0.224274
0.193633
0.200134
0.038950
0.137674
0.194984
0.130413
0.067026
0.080784
0.245702
0.066964
0.191656
0.048381
0.195655
0.099739
0.205591
0.183860
0.241221
0.075526
0.140412
0.351593
0.056085
0.030980
0.203448
0.335423
0.200130
0.077488
0.056835
0.137408
0.235373
0.207889
0.210459
0.075154
0.060339
0.108077
0.153984
0.232953
0.171180
0.399138
0.150526
0.049517
0.132243
0.299341
0.400993
0.321714
0.357880
0.273606
0.281742
0.105503
0.209674
0.078840
0.299320
0.085810
0.192587
0.115915
0.094556
0.229555
0.049456
0.084081
0.087392
0.312069
0.028050
0.041333
0.273288
0.330049
0.183373
0.161864
0.276406
0.066753
0.376602
0.070812
0.109575
0.261322
0.387367
0.397182
0.087453
0.193206
0.275797
0.208455
0.741054
0.100899
0.210980
0.615431
0.097616
0.201829
0.122017
0.263831
0.041031
0.195648
0.066313
0.231847
0.257211
0.038769
0.055718
0.257471
0.159504
0.250145
0.140364
0.215231
0.031191
0.333589
0.257868
0.288857
0.100704
0.239739
0.322275
0.171644
0.114755
0.287787
0.223695
0.148506
0.228980
0.250180
0.278591
0.229425
0.123253
0.192485
0.067711
0.431337
0.457984
0.537532
0.194388
0.159387
0.192524
0.133162
0.047025
0.076960
0.243318
0.070609
0.187506
0.479185
0.131380
0.056987
0.086293
0.307209
0.077038
0.052723
0.046902
0.100391
0.287754
0.144507
0.099326
0.030347
0.214185
0.099301
0.153022
0.032454
0.081543
0.174741
0.122904
0.053800
0.390773
0.084740
0.073792
0.058154
0.026077
0.177774
0.332376
0.272820
0.164306
0.178840
0.036336
0.114271
0.488332
0.463931
0.058315
0.264385
0.071752
0.061082
0.180726
0.417983
0.117752
0.061140
0.075592
0.040360
0.172007
0.135701
0.459181
0.052045
0.028797
0.252402
0.146501
0.099758
0.111429
0.096746
0.100906
0.098549
0.184082
0.035077
0.084791
0.276008
0.310701
0.154135
0.034192
0.340655
0.044453
0.034963
0.110408
0.042081
0.123793
0.033873
0.031513
0.048036
0.573911
0.129396
0.051344
0.247517
0.125443
0.197601
0.077748
0.114450
0.097392
0.072569
0.470059
0.041948
0.088750
0.103846
0.041531
0.234675
0.366082
0.106169
0.092600
0.056107
0.036339
0.203260
0.045651
0.186639
0.177351
0.052077
0.172006
0.451576
0.127010
0.222687
0.393017
0.184386
0.093631
0.112388
0.073304
0.134942
0.165763
0.040720
0.245733
0.725048
0.227512
0.116052
0.053648
0.116856
0.071322
0.093316
0.282006
0.202707
0.072582
0.208590
0.201597
0.079284
0.045452
0.106581
0.186415
0.032483
0.258387
0.059873
0.199735
0.192545
0.164431
0.278163
0.065587
0.056236
0.233930
0.049040
0.421266
0.134729
0.180494
0.062045
0.085820
0.060301
0.146770
0.295580
0.048624
0.026524
0.042993
0.037429
0.359087
0.101032
0.063221
0.217352
0.408741
0.197726
0.048539
0.352877
0.046350
0.070757
0.668705
0.083014
0.042784
0.039039
0.184442
0.030189
0.114984
0.052167
0.071470
0.290385
0.097963
0.444711
0.160727
0.055514
0.040354
0.179020
0.201425
0.257670
0.394209
0.062573
0.093025
0.154882
0.317722
0.107323
0.087682
0.068441
0.064177
0.265472
0.199418
0.071647
0.051690
0.155322
0.154094
0.074047
0.029793
0.156475
0.190746
0.070608
0.386151
0.028557
0.270326
0.088151
0.061021
0.109708
0.067128
0.109453
0.200176
0.252855
0.044212
0.282226
0.392429
0.260353
0.242837
0.201737
0.034423
0.188114
0.130103
0.021879
0.080405
0.039828
0.032736
0.105029
0.277239
0.114208
0.200158
0.190381
0.047375
0.031997
0.041461
0.038375
0.245329
0.046353
0.148270
0.237802
0.089336
0.212050
0.338831
0.025829
0.062930
0.081421
0.484947
0.062953
0.129635
0.045151
0.355150
0.302052
0.222817
0.238268
0.170357
0.160875
0.103931
0.376968
0.186647
0.036086
0.171540
0.140961
0.406585
0.080569
0.064927
0.084064
0.036856
0.175811
0.114806
0.024342
0.100106
0.060124
0.661484
0.096126
0.039949
0.281498
0.108103
0.313924
0.109807
0.062799
0.125251
0.083152
0.119101
0.138771
0.222712
0.057172
0.242596
0.063542
0.117117
0.084727
0.155929
0.238149
0.156202
0.316482
0.143856
0.073787
0.182630
0.040807
0.073684
0.096661
0.167492
0.130694
0.037556
0.086484
0.148303
0.088267
0.183315
0.037655
0.493612
0.080427
0.037549
0.080758
0.138569
0.045309
0.066944
0.144243
0.039937
0.054616
0.044129
0.204042
0.096828
0.205437
0.209371
0.734211
0.123058
0.193310
0.398836
0.168098
0.316160
0.123822
0.064070
0.177161
0.107176
0.093229
0.459890
0.702273
0.112788
0.043547
0.068491
0.680787
0.179511
0.024446
0.072446
0.170903
0.125435
0.046045
0.120830
0.062900
0.048819
0.130498
0.403316
0.023554
0.247651
0.106537
0.062713
0.116545
0.125285
0.165853
0.032884
0.218343
0.200725
0.398332
0.021228
0.036115
0.074421
0.226426
0.146394
0.037270
0.084040
0.182666
0.148722
0.088377
0.140148
0.042312
0.039027
0.101605
0.070600
0.155879
0.029007
0.073059
0.052452
0.169352
0.022340
0.038601
0.526927
0.082035
0.037202
0.041573
0.023173
0.043204
0.055940
0.137055
0.067644
0.055455
0.134661
0.056827
0.102307
0.090310
0.231174
0.373753
0.082019
0.113049
0.043325
0.327163
0.227495
0.051065
0.342131
0.043375
0.141411
0.048655
0.212937
0.077734
0.465331
0.254835
0.627147
0.118868
0.114104
0.067482
0.188783
0.152967
0.029851
0.059069
0.065768
0.090262
0.035001
0.218769
0.063905
0.064183
0.081576
0.110219
0.073732
0.031035
0.017489
0.339946
0.153070
0.477493
0.060401
0.057091
0.027591
0.238702
0.169145
0.046676
0.050641
0.028905
0.128127
0.037128
0.074338
0.101231
0.034829
0.173212
0.038134
0.033518
0.044332
0.165078
0.061510
0.040904
0.488271
0.064094
0.260014
0.045891
0.389558
0.173180
0.026284
0.043605
0.102890
0.131486
0.047205
0.130541
0.101232
0.124784
0.460141
0.240137
0.073173
0.189710
0.258852
0.250375
0.427290
0.090080
0.264011
0.087768
0.085497
0.055644
0.042643
0.062959
0.084930
0.357772
0.085054
0.164283
0.023650
0.038098
0.178231
0.200779
0.150442
0.550153
0.074561
0.043228
0.060479
0.036745
0.240027
0.555032
0.179843
0.243927
0.027488
0.067153
0.206058
0.102373
0.103119
0.032878
0.068081
0.125241
0.216811
0.122756
0.087070
0.067123
0.159104
0.064731
0.132735
0.061233
0.236258
0.346711
0.065608
0.081236
0.041313
0.105448
0.069643
0.114953
0.212923
0.055983
0.172820
0.065823
0.044310
0.215916
0.200534
0.044351
0.056152
0.123395
0.208331
0.081363
0.061704
0.087950
0.166034
0.329345
0.193699
0.175915
0.028328
0.097558
0.045058
0.032166
0.266530
0.040729
0.031892
0.134575
0.065913
0.222070
0.397403
0.070824
0.027717
0.031637
0.080247
0.031787
0.082207
0.201422
0.083704
0.043912
0.063201
0.105830
0.095716
0.113937
0.219735
0.066538
0.203994
0.175690
0.041774
0.134404
0.231049
0.059419
0.092759
0.120588
0.180475
0.067391
0.212864
0.070892
0.129093
0.071947
0.572537
0.386713
0.031755
0.130272
0.193457
0.410499
0.060528
0.219029
0.385208
0.212703
0.098582
0.144064
0.034980
0.029599
0.182795
0.218527
0.156299
0.053422
0.064748
0.212893
0.061583
0.030913
0.091556
0.073884
0.146608
0.134531
0.129178
0.295953
0.078735
0.053445
0.036433
0.049130
0.053734
0.075076
0.058624
0.095583
0.150603
0.175553
0.102621
0.254184
0.200678
0.093718
0.200995
0.307570
0.063036
0.120261
0.077744
0.134265
0.525736
0.166378
0.357012
0.017650
0.016651
0.030384
0.033808
0.157772
0.108768
0.075219
0.255828
0.136325
0.149124
0.100312
0.045524
0.076706
0.063245
0.051772
0.092900
0.083713
0.019712
0.172879
0.034372
0.301047
0.140335
0.369900
0.202657
0.068664
0.100367
0.032703
0.081204
0.047217
0.143056
0.386260
0.040611
0.029098
0.180762
0.301615
0.400697
0.120527
0.035494
0.048811
0.057047
0.335612
0.096730
0.148057
0.092675
0.070333
0.041345
0.080568
0.153049
0.036077
0.129657
0.127388
0.077795
0.111908
0.154834
0.327060
0.147635
0.165721
0.050904
0.110752
0.235979
0.193885
0.220737
0.042227
0.072050
0.023425
0.098245
0.038173
0.375304
0.502739
0.023710
0.211206
0.382316
0.112152
0.031233
0.144477
0.046276
0.033074
0.093327
0.060053
0.179161
0.063870
0.027190
0.060867
0.027588
0.126266
0.090871
0.033711
0.237657
0.093006
0.156288
0.247292
0.124403
0.078989
0.228962
0.110066
0.063129
0.112372
0.515392
0.143004
0.051204
0.190285
0.068966
0.279013
0.080156
0.202321
0.278624
0.144675
0.176804
0.124703
0.063905
0.039922
0.381793
0.358306
0.107446
0.027545
0.069632
0.121636
0.088122
0.050035
0.170449
0.051108
0.084532
0.244406
0.067865
0.238015
0.027053
0.065620
0.355328
0.342298
0.222909
0.050689
0.165711
0.042893
0.026554
0.102435
0.206594
0.106643
0.101140
0.185283
0.102669
0.042892
0.396711
0.022675
0.026385
0.290847
0.071513
0.184652
0.035977
0.279237
0.125066
0.025298
0.143058
0.271776
0.173899
0.093738
0.055948
0.063950
0.185249
0.100709
0.123131
0.618212
0.169378
0.418989
0.030866
0.106587
0.219483
0.236549
0.085380
0.095516
0.024113
0.091014
0.049125
0.058273
0.031946
0.074640
0.591308
0.100736
0.302866
0.276643
0.025779
0.029953
0.322518
0.045138
0.095900
0.035908
0.053942
0.202237
0.405976
0.160395
0.399241
0.367962
0.090113
0.224562
0.051855
0.130850
0.232701
0.052564
0.103408
0.125688
0.425807
0.116789
0.070719
0.331540
0.033219
0.024501
0.041072
0.119217
0.032291
0.058314
0.379403
0.151088
0.063801
0.043576
0.317677
0.090737
0.061150
0.016127
0.120692
0.018796
0.076861
0.022141
0.457015
0.033607
0.191753
0.087258
0.219528
0.028807
0.208015
0.037923
0.075286
0.156862
0.036261
0.041886
0.023066
0.166495
0.174651
0.140047
0.157891
0.133871
0.028359
0.158983
0.269634
0.153457
0.177849
0.150990
0.122434
0.087408
0.125564
0.094853
0.038266
0.169200
0.074463
0.019003
0.174122
0.045641
0.020604
0.115487
0.027348
0.049599
0.289933
0.037772
0.069457
0.040929
0.448143
0.074284
0.089669
0.023301
0.026506
0.034122
0.104327
0.130431
0.026123
0.182257
0.067635
0.046963
0.046387
0.081070
0.260865
0.122588
0.023931
0.117124
0.058410
0.056675
0.142604
0.360642
0.160445
0.162505
0.080296
0.062465
0.032580
0.198043
0.285190
0.147513
0.073272
0.027317
0.071598
0.022474
0.071503
0.134354
0.189613
0.044717
0.095182
0.019809
0.019334
0.181996
0.066129
0.039730
0.131373
0.189510
0.278712
0.047077
0.032855
0.460933
0.078826
0.027815
0.024232
0.158262
0.064408
0.184877
0.125222
0.138553
0.395749
0.133188
0.048163
0.113724
0.025199
0.025182
0.045688
0.059216
0.139404
0.034891
0.169871
0.284739
0.121395
0.121946
0.018831
0.023301
0.063553
0.049179
0.063248
0.150655
0.020253
0.103710
0.087157
0.192647
0.087228
0.043998
0.028805
0.059672
0.043923
0.221129
0.134879
0.086433
0.114613
0.029674
0.020561
0.050384
0.045398
0.136917
0.329729
0.027150
0.095013
0.199599
0.026404
0.030563
0.102818
0.042228
0.058534
0.213977
0.094274
0.034899
0.022472
0.106757
0.129034
0.027183
0.054376
0.034072
0.070528
0.082550
0.015045
0.217626
0.162558
0.045616
0.026432
0.233668
0.186832
0.022284
0.057255
0.018766
0.021182
0.147261
0.025273
0.121534
0.032210
0.106091
0.023504
0.183600
0.020043
0.019397
0.278969
0.045375
0.070294
0.034976
0.056550
0.088116
0.024518
0.018547
0.026612
0.015216
0.057989
0.040172
0.100656
0.020803
0.050709
0.078614
0.022227
0.040981
0.063879
0.187969
0.026697
0.160530
0.047277
0.184991
0.063716
0.046133
0.062733
0.033061
0.118834
0.144542
0.025331
0.136106
0.132430
0.073272
0.372275
0.053476
0.170804
0.035697
0.311589
0.031752
0.073862
0.032360
0.044274
0.033185
0.117337
0.163693
0.043237
0.046137
0.021852
0.063754
0.043630
0.028539
0.038181
0.113109
0.281088
0.068077
0.038005
0.199539
0.023286
0.366942
0.049766
0.231368
0.174757
0.036917
0.045288
0.101627
0.020335
0.040198
0.063495
0.079155
0.405323
0.028479
0.068772
0.077041
0.352644
0.228605
0.251518
0.080866
0.377169
0.069898
0.045294
0.279192
0.077461
0.079831
0.049170
0.035838
0.037414
0.050429
0.246711
0.053213
0.061005
0.027268
0.146969
0.086414
0.032095
0.101682
0.157648
0.023975
0.045895
0.022605
0.039963
0.087448
0.497004
0.126477
0.202770
0.143872
0.033915
0.028179
0.082290
0.187307
0.177681
0.055001
0.200909
0.019096
0.136628
0.031368
0.039852
0.123701
0.048132
0.015449
0.031164
0.055018
0.017443
0.142219
0.156539
0.175983
0.035917
0.046675
0.065792
0.028589
0.016645
0.115200
0.048129
0.073311
0.026485
0.110097
0.049072
0.087497
0.063804
0.329353
0.110703
0.095659
0.071433
0.024760
0.033758
0.150310
0.179628
0.108258
0.026948
0.106939
0.025354
0.114704
0.039930
0.044600
0.146191
0.101648
0.032741
0.225254
0.200128
0.391380
0.336396
0.155487
0.017344
0.087969
0.059950
0.036380
0.078639
0.022134
0.056783
0.037370
0.042125
0.095827
0.151747
0.075547
0.123287
0.081832
0.182182
0.112950
0.148633
0.046236
0.078077
0.051854
0.107331
0.029987
0.037880
0.099710
0.558208
0.216668
0.105061
0.095670
0.129101
0.108707
0.075865
0.150983
0.028222
0.067735
0.019505
0.079452
0.031699
0.154327
0.064725
0.106359
0.093846
0.029850
0.095764
0.044316
0.178024
0.037120
0.059585
0.037634
0.095407
0.074807
0.025861
0.136065
0.082256
0.170119
0.070807
0.046672
0.128215
0.028333
0.195758
0.139707
0.053834
0.202735
0.044431
0.255442
0.042872
0.076478
0.049060
0.016612
0.213625
0.027080
0.235882
0.021103
0.475887
0.089575
0.071089
0.125130
0.126083
0.028323
0.065355
0.113788
0.032117
0.159207
0.038863
0.018473
0.058820
0.157044
0.090857
0.144692
0.226516
0.026278
0.102630
0.023836
0.024852
0.068827
0.075146
0.048722
0.017699
0.022856
0.142476
