17.249399
17.289766
17.318529
17.332470
17.074343
17.051943
17.070169
17.065372
17.292355
17.218122
17.028719
16.956741
17.083675
17.097668
17.088556
17.147509
17.100798
17.068670
17.059143
17.116405
17.081438
17.064201
17.235506
16.922846
17.065250
16.926619
16.696293
16.924656
17.021782
16.906290
16.890129
17.001480
16.725321
16.848955
17.024460
17.010269
16.843634
16.748411
16.822212
17.102297
16.895639
16.617029
16.547449
16.756514
17.012899
17.080727
16.988409
17.009211
16.814425
16.979441
17.017853
16.988626
16.762012
16.543018
16.876839
16.804916
16.873117
16.868111
16.649036
16.687914
16.929214
16.560709
16.643021
16.654099
17.008324
16.841381
16.896034
16.717186
16.718245
16.659916
16.592386
16.629114
16.878218
16.772888
16.414124
16.681328
16.792645
16.600973
16.828512
16.690432
16.703444
16.697285
16.669321
17.068357
16.666847
16.651403
16.521557
16.541832
16.577211
16.280825
16.695021
16.566599
16.411570
16.929535
16.421242
16.392866
16.477535
16.746950
16.390196
16.580715
16.446072
16.147518
16.348791
16.512249
16.537889
16.472166
16.587971
16.749655
16.507538
16.519388
16.304996
16.266762
16.368780
16.231016
16.215309
16.310270
16.446707
16.459219
16.448084
16.298496
16.138351
16.107319
16.515915
16.491488
16.504673
16.165333
16.345217
16.084269
16.066103
16.210592
16.026102
16.261778
16.136534
16.288778
16.330147
16.425186
16.061096
15.929101
16.116446
16.065655
16.062630
16.061302
15.982462
15.971089
16.200872
15.839934
16.052891
16.030224
16.160400
15.958717
15.865552
15.724171
16.008329
15.923738
15.998586
15.684214
15.764483
15.760527
15.479150
16.194904
15.868320
15.797698
15.862748
15.675597
15.917961
15.838930
15.940436
15.691453
15.888780
15.580286
15.778318
15.229630
15.808285
15.648552
15.790228
15.517434
15.687698
15.838961
15.284510
15.550216
15.761504
15.423413
15.503824
15.866292
15.711468
15.195188
15.073235
15.351227
14.816088
15.186958
15.551440
15.174462
15.288362
15.027912
15.869669
15.299557
15.440615
15.188348
15.799421
14.750735
15.006686
15.255980
15.309780
15.107662
15.446453
15.106582
14.944762
15.280295
14.972047
15.219715
15.080283
15.137863
15.194357
14.988573
14.912867
14.727832
14.818284
14.685397
14.595325
14.935860
14.734380
15.133095
14.587376
14.512582
13.907665
14.016042
14.220075
14.457216
13.872198
14.450735
14.432914
14.495682
14.117404
14.558665
14.075332
13.896428
13.981802
14.275811
13.919973
14.160875
14.394425
14.492907
14.009108
13.797912
13.381435
13.753263
13.608736
13.516807
13.544609
13.342081
13.713295
13.508801
13.939704
13.942252
13.759327
13.718940
12.874848
13.319014
13.560985
12.550724
13.453050
12.622100
12.854919
12.251062
12.894273
12.760535
12.721761
11.933118
12.980509
12.229679
12.205077
11.732398
12.215647
12.821899
11.474293
12.255075
12.633308
12.144783
12.221671
12.849594
11.130784
11.253098
13.045222
12.259073
12.314407
11.398055
11.424514
10.647408
11.850096
11.704956
11.472863
10.952464
11.576245
11.382685
12.090822
10.471431
10.483348
11.376840
11.572677
11.078378
9.855234
10.003425
10.633854
10.133396
10.230867
10.611844
9.832101
11.118523
11.162817
11.261812
9.584624
10.841627
10.149903
10.613930
10.570862
9.986032
10.462312
9.688023
9.234365
11.140869
9.165371
10.533670
9.536610
10.292421
9.334496
8.774949
9.127255
9.159060
9.182280
9.497952
9.436252
8.429469
9.058700
8.304979
9.125619
9.128025
8.778989
8.491357
8.755854
8.827631
8.443078
9.327413
8.484802
7.810454
8.374472
7.889040
9.172421
7.891080
8.900136
8.976265
8.368037
8.432302
7.637337
8.280250
7.338903
7.464571
6.618771
8.096194
8.823323
8.036409
8.478933
7.286692
7.340566
7.536232
8.624240
7.666975
9.049374
7.950096
7.857065
8.375016
6.458369
6.883181
6.478095
6.543421
6.472400
6.236154
6.742654
6.205247
6.437145
5.664418
6.793010
6.717287
7.373227
6.827978
7.253773
6.881084
6.267352
6.115932
6.686372
5.984698
5.802116
5.493539
6.157227
7.855167
7.166687
6.780910
6.663169
6.716969
6.506145
6.947538
6.041523
5.813489
6.933864
7.427007
6.096419
5.393786
6.289456
5.440714
4.787985
5.721730
5.398991
5.254071
3.572817
4.415493
5.804429
4.248297
5.326926
5.535222
5.168830
5.964568
4.826313
4.900731
6.233860
4.760782
5.629809
6.012842
6.149135
4.470544
4.206580
6.435430
5.302452
5.270088
3.712276
6.259444
5.172586
5.630057
4.858262
5.000519
4.912524
4.003325
4.512825
5.810208
5.084902
5.672929
4.167974
3.745792
4.396391
3.131839
3.389068
3.437227
3.632103
3.563704
3.898155
2.463822
4.698039
3.096910
3.635363
4.089478
5.324605
4.140651
4.758779
4.075329
3.699492
4.292699
4.374245
4.574444
4.251430
3.797896
4.078589
3.583287
4.275833
4.821519
5.745175
3.034031
4.637092
3.935236
3.383940
4.748869
3.332791
3.530054
4.674083
2.730602
2.956434
2.564807
4.556520
2.659243
3.615187
3.472072
1.504859
3.130772
2.366775
3.092897
2.598367
3.104210
3.056399
2.731186
2.699874
2.995829
2.842226
3.172969
3.247840
3.416766
3.515667
3.647040
2.143629
3.275752
2.878915
2.666178
4.143602
3.948005
3.133333
3.498522
3.325359
2.880424
2.291478
2.973481
4.040825
3.494581
2.028677
2.742994
1.941463
1.926257
3.245970
3.706856
3.622587
2.608547
2.356989
2.813459
2.531023
1.999393
2.128948
1.817165
2.555652
1.504862
1.658094
2.277017
3.024045
1.882625
2.633758
2.357627
1.953548
2.967326
2.094039
2.660121
2.855052
1.791859
1.610306
2.200488
2.690702
3.008141
2.920190
2.485190
2.178586
2.448434
3.398456
1.350453
1.420047
2.148700
2.509164
2.538243
2.208036
1.522907
3.053991
2.191617
1.302806
2.408919
2.451982
1.418842
1.464287
2.205840
2.202078
2.402004
2.211477
1.773999
1.057872
2.003179
1.661517
1.730541
2.604251
2.382474
2.112155
1.383557
1.712085
3.170506
1.529571
2.115640
3.310076
1.862717
1.870354
2.762853
2.413855
1.659605
1.199350
1.843992
0.898891
1.812423
1.885435
1.544513
1.600213
1.851392
1.520904
1.505442
1.218216
1.124456
1.161496
1.884375
1.875926
2.381716
1.614419
1.597868
1.485889
1.722155
1.393254
1.591371
2.122110
1.352578
1.396730
1.671134
3.035736
1.902118
2.076359
1.418429
2.102227
1.384149
1.858376
2.487942
1.505583
2.259245
2.116206
1.622077
1.114190
1.534723
0.502376
1.310179
1.682141
1.302762
1.984214
0.868669
1.118231
0.932769
1.182370
1.644104
1.474603
1.357019
0.867601
1.621906
1.142102
1.106839
1.054456
0.996569
1.413319
1.122241
2.062509
1.471305
2.297872
1.099306
1.973746
1.802999
1.640958
2.422452
1.108474
1.091741
1.844773
1.295318
0.865659
1.203672
0.721506
1.219674
0.501821
0.939971
0.639146
0.660473
1.379192
1.191050
1.194553
1.366262
1.066891
1.146582
1.211329
1.704224
1.061783
1.174114
1.285505
1.327624
1.410955
0.870097
1.243655
0.270620
1.290586
0.740114
1.695593
0.942121
1.763750
1.798293
0.988160
1.468733
1.687748
1.185513
1.973929
2.208198
1.532239
1.842641
0.962737
1.152933
1.324355
0.690605
0.453562
0.805612
1.384869
1.066582
0.418336
1.163142
0.407879
0.523851
1.326419
1.006979
0.772039
1.545747
1.161053
0.793296
0.779263
0.825062
0.923769
1.165474
0.854925
0.675109
1.738067
1.065257
0.702729
0.946497
1.299653
1.120490
1.004214
1.161721
1.139006
0.981740
1.327261
1.017386
1.178745
0.524344
0.987598
0.272992
0.503392
0.450075
1.008600
1.066985
0.794810
0.280316
0.735385
0.526720
0.970391
0.864208
0.600406
0.804175
0.841072
0.807445
1.037449
0.754029
1.125946
0.816760
1.184592
1.082851
0.684838
1.141035
1.043368
1.386636
0.647491
1.636222
0.975779
0.734991
1.362038
0.845857
0.661051
1.339812
0.997955
1.707881
1.178994
1.101735
1.055507
0.576452
0.910991
0.970692
0.607458
0.563763
0.875756
0.384279
0.257450
0.782282
0.567882
0.752592
0.452209
0.501391
1.140993
0.877523
0.713105
0.737400
0.688665
0.816244
1.424116
0.825618
1.102173
1.124990
0.756454
0.799312
0.987913
0.746501
0.961142
0.479929
1.168662
0.777785
0.502550
0.965702
0.808719
0.782242
1.003025
0.691843
0.711431
0.709042
0.565188
0.917466
0.549021
0.502241
0.499036
0.443755
0.435271
1.126172
0.710713
0.559776
1.022726
0.448107
1.043922
0.384372
0.401170
1.364669
0.359828
0.826989
1.261578
0.866139
0.542837
0.832115
0.446479
0.386355
1.215651
0.572805
0.929970
0.982738
0.567258
0.777630
0.585596
0.633674
0.910482
0.466451
0.581193
0.658231
0.612975
0.595061
0.737216
0.627590
0.421031
0.856900
0.702856
0.357476
0.499723
1.006546
0.770911
0.440551
0.896943
0.678473
0.975859
0.615200
0.271119
0.795908
0.509746
1.417837
0.869876
1.026743
0.790408
1.601537
1.203901
0.492583
0.931736
0.867017
0.829848
0.529422
0.803738
0.812222
0.591625
1.247297
0.679896
0.211590
1.037989
0.745687
0.590703
1.126211
0.397780
0.425892
0.431960
0.361047
0.583649
1.035698
1.080758
0.967556
0.284170
0.476361
0.785967
0.240428
0.622985
1.217186
0.580163
0.345978
0.617247
0.578529
0.397860
0.677082
1.157883
0.520120
0.943033
1.558388
0.810392
0.962574
1.019807
0.647478
0.573012
0.546771
0.439592
0.643176
0.711814
0.442857
0.393821
0.471279
0.807987
0.434535
0.537920
0.126467
0.206817
0.458768
0.383713
0.329414
0.156012
0.326285
0.263198
0.327276
0.684088
0.532347
0.781883
0.520635
0.435293
0.835417
0.183872
0.187765
0.673194
0.776034
0.928162
0.236834
0.357075
0.349406
0.615491
0.476208
0.837310
0.336220
0.467273
0.457313
0.915019
0.392901
0.371917
0.185107
0.442559
0.089753
0.352748
0.123278
0.416723
0.841215
0.471206
0.557353
0.207276
0.123769
0.412092
0.485185
0.247848
0.376249
0.632349
0.621954
0.161295
0.603442
0.864055
0.838367
0.453719
0.287443
0.474930
0.462476
0.544267
0.917387
0.567921
0.335406
0.375977
0.626172
0.369461
0.350048
0.407392
0.524176
0.787690
0.482393
0.254287
0.117996
0.447848
0.557444
0.209275
0.114550
0.221841
0.359008
0.719825
0.532401
0.487330
0.160335
0.492494
0.476560
0.370581
0.687020
0.678681
0.199531
0.701592
0.392891
0.419077
0.379811
0.542509
0.347814
0.239389
0.302497
0.529102
0.491922
0.488285
0.592741
0.763260
0.698158
0.531874
0.674956
0.095933
0.445382
0.327246
0.158832
0.524166
0.412914
0.543536
0.284808
0.394092
0.319697
0.172907
0.660916
0.558046
0.482261
0.750184
0.139365
0.115419
0.271470
0.701290
0.539660
0.390585
0.595468
0.482308
0.172409
0.419183
0.194155
0.559829
0.682279
0.356681
0.397655
0.737324
0.511710
0.366524
0.413279
0.670088
0.344490
0.853577
0.286661
0.455781
0.556872
0.226453
0.172700
0.837675
0.348420
0.461894
0.207655
0.318053
0.342325
0.566487
0.111319
0.196725
0.344428
0.117235
0.312983
1.142959
0.286783
0.493638
0.523187
0.442930
0.429593
0.740483
0.217913
0.525382
0.787511
0.441581
0.400772
0.400749
0.500798
0.645481
0.632984
0.531207
0.832011
0.186909
0.206151
0.208800
0.485503
0.732843
0.146730
0.117012
0.235048
0.235447
0.752350
0.270369
0.239620
0.253921
0.206676
0.201460
0.127969
0.312421
0.292048
0.449137
0.466035
0.199999
0.627255
0.595045
0.305512
0.457945
0.454960
0.253198
0.380983
0.340527
0.403018
0.521637
0.231507
0.266933
0.596586
0.504927
0.475021
0.536954
0.309612
0.424776
0.125677
0.465427
0.591562
0.345556
0.309352
0.231644
0.129255
0.134851
0.239248
0.276266
0.297223
0.485507
0.550303
0.478842
0.162086
0.665248
0.647981
0.096237
0.529583
0.358892
0.728702
0.709148
0.930905
0.304186
1.104544
0.298541
0.280680
0.364576
0.622280
0.588969
0.952046
0.214754
0.525586
0.652872
0.320722
0.162478
0.410761
0.731611
0.768006
0.182917
0.179922
0.075012
0.285259
0.106569
0.299499
0.467367
0.206256
0.355631
0.427794
0.190398
0.429987
0.414058
0.065608
0.314664
0.654655
0.259750
0.578175
0.670125
0.317210
0.380862
0.727503
0.308056
0.558049
0.539725
0.423063
0.498437
0.589563
0.503316
0.109943
0.673425
0.365939
1.237920
0.560340
0.399773
0.254579
0.209314
0.432428
0.298803
0.090820
0.543364
0.544083
0.168713
0.288108
0.202611
0.257686
0.253379
0.465977
0.326656
0.165600
0.203422
0.638704
0.074159
0.310253
0.647576
0.187863
0.334635
0.133180
0.210141
0.071539
0.474403
0.253794
0.390656
0.500343
0.279468
0.143847
0.268385
0.195317
0.241062
0.542901
0.318677
0.153458
0.163162
0.394633
0.074419
0.220318
0.311376
0.516664
0.487865
0.188704
0.155106
0.232787
0.411007
0.377795
0.113410
0.214260
0.184723
0.241133
0.470592
0.358789
0.115663
1.292795
0.785715
0.508650
0.334086
0.518176
0.312011
0.387748
0.613567
0.142997
0.355544
0.496540
0.232223
0.576947
0.137280
0.281475
0.330420
0.536342
0.247682
0.348102
0.425164
0.322123
0.349280
0.153128
0.084255
0.187969
0.216260
0.301080
0.303392
0.105543
0.320519
0.091885
0.378443
0.351946
0.315100
0.443951
0.183612
0.333762
0.391754
0.370395
0.523662
0.456310
0.417301
0.203327
0.375729
0.167690
0.273738
0.181559
0.623619
0.359523
0.298423
0.309924
0.533862
0.520309
0.276611
0.277540
0.365182
0.094757
0.248605
0.687595
0.400364
0.114041
0.325543
0.063885
0.425895
0.171973
0.330274
0.104198
0.511608
0.197646
0.118287
0.410998
0.340623
0.529622
0.430027
0.310690
0.283909
0.468075
0.182231
0.072677
0.152344
0.307182
0.204046
0.413753
0.129239
0.134572
0.113187
0.067365
0.601769
0.421288
0.222156
0.383321
0.322041
0.251355
0.072972
0.115174
0.251257
0.343020
0.282704
0.087242
0.135001
0.100268
0.190645
0.195502
0.213206
0.255596
0.168878
0.174666
0.263253
0.483965
0.181091
0.147862
0.339660
0.137914
0.104441
0.301362
0.813680
0.217526
0.216589
0.071877
0.209740
0.193524
0.351308
0.192117
0.530133
0.352629
0.165632
0.767939
0.423576
0.434521
0.480247
0.131979
0.372700
0.297964
0.508878
0.281013
0.305847
0.279040
0.419925
0.308879
0.253641
0.260969
0.315533
0.423598
0.595257
0.820057
0.724128
0.218606
0.463378
0.314957
0.374152
0.093486
0.504079
0.147883
0.189734
0.320768
0.632640
0.544310
0.272996
0.699096
0.433425
0.369719
0.311123
0.230783
0.217941
0.248505
0.434367
0.073731
0.254378
0.547554
0.224360
0.218565
0.260600
0.067116
0.083308
0.181501
0.406818
0.117972
0.089708
0.134231
0.362514
0.719484
0.166659
0.336677
0.206390
0.236403
0.347893
0.516809
0.248778
0.177105
0.088013
0.325269
0.665817
0.528126
0.111446
0.072960
0.522920
0.179231
0.255567
0.149207
0.551112
0.259728
0.686954
0.628024
0.594136
0.110974
0.149378
0.502158
0.098094
0.313367
0.068205
0.298311
0.448283
0.149027
0.381022
0.138915
0.322381
0.364079
0.051203
0.229856
0.070443
0.315187
0.094692
0.496128
0.645354
0.083270
0.102775
0.498561
0.188200
0.243491
0.092038
0.096893
0.396128
0.154810
0.217428
0.214770
0.687464
0.290457
0.162962
0.834848
0.838220
0.423892
0.244792
0.167838
0.238624
0.288556
0.229904
0.068826
0.091010
0.419369
0.160486
0.053539
0.133692
0.083440
0.402536
0.210836
0.197282
0.358593
0.187143
0.069109
0.171779
0.247997
0.271970
0.360108
0.076702
0.286303
0.158593
0.159318
0.072410
0.432358
0.242286
0.280744
0.501520
0.380734
0.116906
0.384137
0.375917
0.197539
0.108386
0.083028
0.127041
0.063674
0.033257
0.300089
0.230926
0.115228
0.269881
0.047585
0.129443
0.198427
0.143945
0.152812
0.183639
0.158635
0.160633
0.538091
0.199323
0.197040
0.132213
0.208979
0.261051
0.753110
0.459402
0.245727
0.921336
0.928110
0.310180
0.704570
0.470446
0.351838
0.456270
0.150817
0.351512
0.177692
0.104193
0.140288
0.146372
0.336718
0.338078
0.537095
0.182498
0.202145
0.558004
0.068533
0.258141
0.372347
0.490923
0.339189
0.104601
0.421662
0.334371
0.087609
0.424532
0.366994
0.422648
0.292850
0.472089
0.574327
0.083161
0.225564
0.440149
0.279212
0.507567
0.268741
0.207793
0.452941
0.330964
0.217127
0.178657
0.513079
0.132305
0.206283
0.327587
0.152460
0.205242
0.421025
0.102486
0.395132
0.180625
0.098793
0.056216
0.247193
0.182118
0.275094
0.038573
0.235138
0.100339
0.061918
0.343323
0.056293
0.144367
0.092115
0.091236
0.241901
0.077410
0.232426
0.242641
0.382720
0.563516
0.084400
0.333429
0.200470
0.517650
0.647045
0.106600
0.217592
0.087150
0.346826
0.441993
0.121476
0.216966
0.154918
0.072515
0.231849
0.150906
0.297715
0.123607
0.175483
0.260846
0.379539
0.057516
0.168333
0.240372
0.433265
0.229325
0.041669
0.263267
0.481486
0.231504
0.147097
0.608217
0.132518
0.266358
0.396693
0.110024
0.557797
0.323589
0.117559
0.372883
0.203202
0.622746
0.198353
0.492396
0.460232
0.277713
0.136348
0.127784
0.151104
0.641622
0.088060
0.090337
0.169580
0.067414
0.067065
0.232116
0.145515
0.261922
0.058329
0.263066
0.362697
0.036510
0.230655
0.066271
0.680861
0.101604
0.532265
0.164885
0.723211
0.371793
0.375004
0.449745
0.292827
0.564643
0.069304
0.100082
0.293202
0.227307
0.147145
0.323116
0.121663
0.140288
0.619577
0.311320
0.401255
0.160429
0.045123
0.167750
0.053246
0.289211
0.443615
0.228175
0.106650
0.286952
0.094540
0.288303
0.155877
0.118814
0.375108
0.231786
0.436158
0.049156
0.199281
0.425492
0.182874
0.190852
0.196657
0.198189
0.289190
0.189501
0.280959
0.193520
0.388735
0.363868
0.221046
0.309745
0.159753
0.077950
0.293950
0.103202
0.095880
0.307803
0.064089
0.332703
0.220770
0.116911
0.303765
0.256362
0.039043
0.314220
0.072476
0.103339
0.200923
0.122101
0.480837
0.037546
0.083180
0.315455
0.298378
0.174558
0.053218
0.508613
0.345439
0.247833
0.255320
0.100649
0.166270
0.092330
0.143122
0.188869
0.057713
0.117970
0.798137
0.379305
0.202605
0.233353
0.143887
0.165918
0.374604
0.091487
0.048385
0.357501
0.134549
0.469062
0.117767
0.258231
0.255359
0.104476
0.476991
0.226571
0.304673
0.386477
0.234052
0.175163
0.427675
0.133593
0.064451
0.447404
0.130578
0.202287
0.092894
0.421580
0.085671
0.119323
0.152431
0.448531
0.158756
0.178255
0.423228
0.201707
0.067063
0.299292
0.466700
0.033956
0.125221
0.109015
0.245273
0.224901
0.163820
0.216629
0.106996
0.053843
0.150426
0.095914
0.266379
0.216130
0.190685
0.174593
0.115107
0.268307
0.066939
0.462437
0.111969
0.067559
0.125864
0.196586
0.206255
0.201205
0.392032
0.153283
0.136452
0.253631
0.165030
0.135458
0.205547
0.055758
0.324355
0.090999
0.105076
0.251391
0.683468
0.105756
0.043004
0.472895
0.118637
0.335623
0.147164
0.305627
0.530389
0.043223
0.114173
0.025030
0.108739
0.241187
0.055164
0.124620
0.372539
0.048831
0.116010
0.157634
0.048303
0.503625
0.149769
0.049147
0.054247
0.607459
0.114114
1.051662
0.096451
0.147874
0.245211
0.156896
0.027120
0.060415
0.379921
0.106073
0.091797
0.091808
0.147848
0.049151
0.182571
0.226170
0.046924
0.566398
0.060164
0.634768
0.056044
0.118316
0.156539
0.077669
0.117545
0.117252
0.439232
0.205079
0.339307
0.257673
0.244491
0.269336
0.378499
0.284967
0.284489
0.214994
0.144970
0.759329
0.151832
0.144948
0.441848
0.158047
0.108507
0.064711
0.107042
0.081662
0.256641
0.238868
0.099677
0.367951
0.118289
0.146701
0.215771
0.067257
0.035941
0.058372
0.056022
0.319860
0.097528
0.058282
0.050740
0.259893
0.406458
0.229751
0.122430
0.411373
0.121387
0.065493
0.121153
0.117927
0.119597
0.417468
0.111904
0.049099
0.227726
0.207166
0.230177
0.405100
0.045394
0.277272
0.208494
0.083784
0.351499
0.119676
0.578709
0.246304
0.497579
0.069531
0.098847
0.055961
0.164597
0.161630
0.325965
0.029210
0.160335
0.207158
0.128382
0.326795
0.055858
0.063666
0.358054
0.400154
0.095983
0.323180
0.182291
0.731936
0.143497
0.176855
0.354644
0.250210
0.113192
0.409200
0.230473
0.066775
0.257352
0.232219
0.091760
0.161279
0.232652
0.156958
0.453026
0.077607
0.239713
0.103975
0.247714
0.029445
0.025065
0.059121
0.029539
0.049771
0.046275
0.056526
0.110177
0.049490
0.033539
0.530927
0.220801
0.292780
0.323892
0.185811
0.128250
0.178277
0.052828
0.312623
0.079818
0.045960
0.168359
0.321203
0.065235
0.052971
0.235986
0.223530
0.145054
0.060932
0.474722
0.054346
0.104752
0.118009
0.216511
0.302978
0.296531
0.138186
0.618726
0.136006
0.130360
0.071179
0.382028
0.223476
0.043531
0.086853
0.137739
0.350365
0.359781
0.384937
0.247363
0.196355
0.184582
0.070846
0.097429
0.357277
0.153011
0.440269
0.193175
0.156332
0.232559
0.064151
0.402408
0.070599
0.377058
0.085553
0.239943
0.435654
0.109204
0.127338
0.207972
0.371581
0.615017
0.160951
0.229927
0.255594
0.068291
0.042544
0.092127
0.087584
0.259534
0.112004
0.079498
0.141266
0.086759
0.057432
0.078793
0.087978
0.119703
0.170859
0.188921
0.258285
0.057297
0.343216
0.097595
0.036867
0.114406
0.066494
0.198697
0.276577
0.139821
0.253369
0.267497
0.124132
0.431585
0.141530
0.144325
0.164349
0.091995
0.118929
0.030916
0.127249
0.066188
0.029149
0.136547
0.232528
0.150544
0.057827
0.235617
0.171459
0.035314
0.074510
0.434983
0.035033
0.051936
0.179293
0.141184
0.105756
0.032655
0.109306
0.191080
0.148680
0.450098
0.041648
0.251895
0.321677
0.322173
0.265789
0.177579
0.402078
0.385379
0.277003
0.284434
0.416253
0.117507
0.198026
0.079379
0.086149
0.362131
0.111529
0.059306
0.481535
0.030713
0.057257
0.018556
0.391936
0.031954
0.144139
0.330546
0.127018
0.050372
0.045729
0.321199
0.069149
0.082811
0.232779
0.405105
0.266435
0.082418
0.208738
0.053992
0.137118
0.227695
0.470758
0.183823
0.043967
0.059549
0.040162
0.117047
0.258936
0.320412
0.080664
0.131808
0.277760
0.145920
0.523993
0.126604
0.107175
0.074562
0.051911
0.475722
0.072256
0.128664
0.137117
0.038190
0.102132
0.266215
0.042826
0.292551
0.104847
0.230179
0.480714
0.047696
0.239767
0.037961
0.068445
0.350886
0.318858
0.027644
0.074410
0.119727
0.043517
0.193387
0.257031
0.466092
0.225791
0.162893
0.093212
0.120184
0.052782
0.173340
0.192361
0.120134
0.144772
0.035965
0.127346
0.067048
0.135071
0.320752
0.192586
0.177413
0.111424
0.053986
0.061787
0.402410
0.169164
0.145732
0.194589
0.672458
0.052332
0.078432
0.158516
0.119161
0.031195
0.110658
0.514502
0.435080
0.198750
0.049291
0.055807
0.127651
0.118699
0.311194
0.137286
0.214404
0.259974
0.093845
0.074230
0.192810
0.032814
0.065407
0.040541
0.025994
0.146092
0.220289
0.076016
0.209734
0.058019
0.065836
0.182789
0.026882
0.064956
0.032060
0.103518
0.232445
0.061701
0.024003
0.252798
0.054515
0.092673
0.037790
0.035304
0.048550
0.033049
0.185042
0.062811
0.096556
0.059093
0.202204
0.090296
0.200710
0.168667
0.352266
0.051487
0.080962
0.258409
0.046471
0.135042
0.059232
0.305671
0.064521
0.086796
0.054127
0.019865
0.092134
0.054684
0.123795
0.033881
0.056722
0.070754
0.053536
0.101672
0.543424
0.128027
0.200555
0.188260
0.225423
0.389864
0.250158
0.057450
0.263349
0.030050
0.137107
0.071585
0.216671
0.096374
0.270394
0.063919
0.208416
0.035498
0.179557
0.119536
0.490536
0.105489
0.112162
0.055911
0.201172
0.123189
0.160140
0.087268
0.030547
0.221812
0.036349
0.040953
0.023363
0.391462
0.249487
0.043018
0.123587
0.042270
0.028340
0.072887
0.337196
0.145893
0.121137
0.412461
0.159351
0.178876
0.157604
0.138154
0.367219
0.267999
0.076745
0.056657
0.228099
0.081392
0.130030
0.248217
0.040191
0.024474
0.145212
0.057736
0.019897
0.129770
0.023319
0.055399
0.089287
0.162638
0.214617
0.204280
0.122773
0.154804
0.159021
0.182994
0.040207
0.126170
0.056545
0.477376
0.220822
0.078990
0.023881
0.058668
0.048424
0.084035
0.166042
0.134089
0.181529
0.089652
0.074495
0.093336
0.231640
0.053084
0.337075
0.116645
0.067189
0.166201
0.104923
0.068395
0.029249
0.173721
0.043397
0.035428
0.090458
0.181670
0.028570
0.306294
0.183669
0.174456
0.114750
0.042909
0.097315
0.045947
0.124349
0.174490
0.033718
0.182828
0.046479
0.130759
0.219265
0.058108
0.098651
0.230627
0.046238
0.087276
0.228876
0.065537
0.043246
0.509546
0.140695
0.076776
0.042187
0.092364
0.050561
0.126499
0.114233
0.209532
0.113042
0.124055
0.604177
0.030110
0.027764
0.026944
0.032889
0.046076
0.021034
0.302231
0.074645
0.462049
0.050559
0.207996
0.241014
0.054736
0.121666
0.035791
0.330264
0.219381
0.158279
0.113454
0.287288
0.201155
0.113455
0.071806
0.161020
0.379822
0.340045
0.083585
0.150639
0.174935
0.259233
0.148458
0.062269
0.159071
0.194531
0.147723
0.069557
0.126214
0.017913
0.115051
0.080137
0.048381
0.201558
0.085780
0.097506
0.156615
0.032587
0.079682
0.111961
0.296380
0.070102
0.147149
0.050827
0.055447
0.058457
0.372295
0.203478
0.043622
0.195541
0.125461
0.226537
0.159805
0.067023
0.283070
0.148043
0.089963
0.043567
0.113697
0.261792
0.230793
0.095699
0.041878
0.026376
0.296248
0.028741
0.104612
0.026280
0.088257
0.056115
0.186810
0.267902
0.780066
0.109867
0.140410
0.051180
0.080726
0.436512
0.240218
0.249197
0.036356
0.171726
0.182275
0.061084
0.189897
0.038400
0.149510
0.075062
0.354416
0.032276
0.030653
0.093044
0.043658
0.336099
0.041242
0.240373
0.035225
0.226049
0.033735
0.063095
0.252264
0.300507
0.017451
0.224082
0.028179
0.136078
0.128648
0.033486
0.372154
0.043713
0.307728
0.115963
0.089380
0.271958
0.111877
0.199184
0.039845
0.142593
0.314486
0.150400
0.128730
0.252614
0.045337
0.051298
0.030264
0.080565
0.073699
0.204122
0.469037
0.029616
0.062294
0.034584
0.335321
0.148814
0.242335
0.013919
0.335435
0.148791
0.125399
0.180924
0.066961
0.059363
0.273891
0.151609
0.127710
0.099699
0.385698
0.062787
0.364437
0.129598
0.209976
0.150695
0.078065
0.045334
0.041473
0.099948
0.157476
0.088023
0.127482
0.173309
0.071003
0.036683
0.087388
0.049641
0.375269
0.043640
0.118819
0.249872
0.191885
0.056352
0.369991
0.074009
0.298285
0.129168
0.056048
0.091847
0.043897
0.057263
0.187240
0.030018
0.085086
0.146071
0.042747
0.040986
0.049420
0.046684
0.049045
0.078039
0.274252
0.044598
0.240214
0.457923
0.333988
0.040990
0.026367
0.061216
0.261926
0.062535
0.045117
0.050063
0.037249
0.115467
0.271016
0.169116
0.019924
0.175013
0.416647
0.072235
0.090990
0.488977
0.027379
0.122234
0.183732
0.184681
0.134340
0.148808
0.024000
0.210745
0.024922
0.477093
0.056664
0.075270
0.012816
0.115033
0.134691
0.088892
0.212061
0.039017
0.031084
0.047279
0.075418
0.027586
0.149318
0.070443
0.072329
0.197234
0.071701
0.142679
0.250162
0.522782
0.138994
0.054229
0.170545
0.189184
0.031348
0.066869
0.034791
0.435251
0.134338
0.115488
0.286968
0.063623
0.041591
0.532991
0.059735
0.109903
0.053929
0.025121
0.046518
0.237071
0.023888
0.106659
0.202142
0.023842
0.031939
0.044576
0.388736
0.117742
0.053934
0.066347
0.051123
0.068878
0.287090
0.029696
0.099474
0.141670
0.058552
0.044006
0.024561
0.027677
0.186662
0.120817
0.115917
0.065855
0.273546
0.198750
0.164921
0.154819
0.027953
0.034568
0.100863
0.038883
0.107473
0.084179
0.013237
0.039491
0.048556
0.077232
0.140073
0.089913
0.340532
0.017901
0.056539
0.093795
0.241822
0.140288
0.222843
0.341141
0.151596
0.054972
0.072366
0.347335
0.069300
0.222397
0.013554
0.027431
0.017268
0.062191
0.024377
0.382203
0.295264
0.020516
0.106769
0.147992
0.089860
0.047450
0.152018
0.028916
0.174435
0.020362
0.036329
0.018514
0.019213
0.037537
0.262342
0.053111
0.213387
0.148668
0.239494
0.062649
0.107437
0.048217
0.026940
0.078547
0.445225
0.025749
0.119230
0.233746
0.050056
0.155819
0.239600
0.096984
0.289098
0.060295
0.125662
0.220314
0.075418
0.021172
0.120324
0.301759
0.082311
0.018982
0.188949
0.021442
0.018906
0.426454
0.128334
0.104425
0.320548
0.274524
0.211582
0.277633
0.358300
0.057309
0.029568
0.059690
0.071676
0.373615
0.052969
0.146547
0.248832
0.142273
0.025124
0.129574
0.096506
0.289947
0.275069
0.061033
0.414636
0.138789
0.114707
0.141637
0.078051
0.193640
0.053744
0.030139
0.035814
0.029281
0.019370
0.066481
0.204835
0.021664
0.057996
0.126574
0.031355
0.066602
0.080753
0.037668
0.120100
0.109588
0.290807
0.051743
0.346304
0.166909
0.039055
0.063663
0.174437
0.207662
0.043538
0.348617
0.072124
0.329103
0.128352
0.335701
0.096592
0.055432
0.053005
0.139622
0.157592
0.061767
0.215910
0.084287
0.090219
0.017421
0.031389
0.027515
0.070816
0.076619
0.079862
0.052608
0.019755
0.132572
0.171638
0.087464
0.040027
0.034435
0.024772
0.076416
0.061217
0.034352
0.197559
0.049424
0.045195
0.058166
0.061077
0.197339
0.033698
0.207439
0.057140
0.061204
0.117161
0.143814
0.056436
0.035852
0.078031
0.044503
0.258984
0.109280
0.033437
0.019519
0.322501
0.065033
0.036526
0.046577
0.176518
0.125413
0.144951
0.025010
0.189658
0.091642
0.028473
0.028252
0.033352
0.049202
0.036992
0.111965
0.053256
0.038797
0.185548
0.171612
0.077139
0.211709
0.046594
0.071908
0.054191
0.166271
0.088384
0.086903
0.066737
0.063891
0.048876
0.053048
0.122006
0.058446
0.126008
0.293238
0.188116
0.091317
0.079084
0.030425
0.020650
0.021686
0.017308
0.030054
0.038463
0.059761
0.065113
0.110452
0.084540
0.149002
0.016990
0.172183
0.140012
0.157601
0.317240
0.078740
0.146532
0.128675
0.141132
0.127105
0.117216
0.307303
0.200092
0.125431
0.315534
0.155871
0.025937
0.024603
0.025055
0.184447
0.167572
0.237587
0.018900
0.059285
0.121785
0.084158
0.134917
0.129660
0.037578
0.074645
0.016282
0.184997
0.018244
0.061934
0.110299
0.041324
0.116363
0.032969
0.147172
0.108844
0.066103
0.191257
0.173581
0.072796
0.050391
0.059136
0.075576
0.166387
0.175114
0.038273
0.190531
0.100702
0.502016
0.138832
0.117228
0.087687
0.189936
0.063232
0.034581
0.109892
0.058040
0.043927
0.034095
0.362701
0.022622
0.103530
0.341642
0.200121
0.022294
0.061295
0.015438
0.037716
0.156776
0.030965
0.066632
0.177481
0.023745
0.027381
0.080078
0.108420
0.095069
0.154855
0.028349
0.186527
0.079663
0.039429
0.285764
0.063500
0.081480
0.090409
0.086502
0.025236
0.073078
0.032687
0.031158
0.053543
0.113007
0.057527
0.191056
0.176783
0.188510
0.163925
0.023229
0.131840
0.023770
0.025244
0.017974
0.064642
0.156500
0.074560
0.035395
0.088607
0.508682
0.028476
0.025954
0.040322
0.107950
0.112576
0.027562
0.095243
0.053004
0.092003
0.035429
0.066488
0.084563
0.046762
0.460422
0.031315
0.123051
0.031576
0.063222
0.092537
0.051809
0.030423
0.030586
0.020232
0.373663
0.021729
0.034237
0.018947
0.023637
0.042648
0.035191
0.115892
0.292015
0.028563
0.064296
0.175899
0.148959
0.034383
0.118108
0.059515
0.072802
0.038760
0.092019
0.390836
0.283673
0.068036
0.037331
0.191150
0.208484
0.028974
0.036248
0.064958
0.183521
0.223673
0.047379
0.216693
0.029204
0.139713
0.034397
0.051936
0.070218
0.021357
0.018388
0.241365
0.024711
0.028764
0.035073
0.278464
0.037656
0.042052
0.087801
0.048345
0.044020
0.025625
0.054798
0.196234
0.162232
0.109773
0.194198
0.162429
0.031252
0.150036
0.115052
0.309102
0.025727
0.244753
0.350240
0.064060
0.241971
0.022171
0.012844
0.238373
0.026542
0.039142
0.087969
0.123426
0.017831
0.034178
0.024917
0.111649
0.011622
0.057612
0.196485
0.060299
0.033349
0.049620
0.097619
0.040352
0.023363
0.071434
0.191349
0.142125
0.069193
0.030720
0.296722
0.110339
0.551945
0.306135
0.105406
0.076518
0.128079
0.210572
0.056610
0.130232
0.034015
0.145504
0.017439
0.046988
0.054146
0.021991
0.018546
0.066992
0.044662
0.017356
0.020260
0.081037
0.029538
0.021023
0.018858
0.055224
0.077971
0.106471
0.134677
0.063806
0.196472
0.037700
0.040197
0.017334
0.099180
0.124591
0.073624
0.081413
0.078036
0.025710
0.042828
0.042340
0.026038
0.222627
0.396062
0.023150
0.279737
0.022224
0.065380
0.021004
0.075388
0.026655
0.025090
0.056185
0.014165
0.373163
0.100655
0.053217
0.062355
0.053331
0.022157
0.021535
0.017165
0.042189
0.036506
0.023205
0.034013
0.076604
0.359841
0.032405
0.335064
0.035743
0.041627
0.308797
0.053533
0.053424
0.026821
0.108045
0.106650
0.531816
0.209604
0.090279
0.139089
0.023266
0.046276
0.064111
0.204843
0.058060
0.121091
0.027480
0.095181
0.123999
0.021108
0.026008
0.013784
0.241785
0.013755
0.023052
0.012256
0.025762
0.070754
0.180612
0.050150
0.086977
0.320827
0.019347
0.039064
0.040351
0.025335
0.341823
0.111882
0.131520
0.057700
0.049708
0.032695
0.104400
0.350245
0.192421
0.021112
0.463154
0.240869
0.071282
0.020866
0.106309
0.052400
0.025862
0.042316
0.116723
0.028971
0.125395
0.148788
0.065958
0.037129
0.017842
0.177967
0.055708
0.017320
0.042564
0.052269
0.027498
0.013949
0.065601
0.103463
0.037149
0.034480
0.023709
0.079419
0.035727
0.029348
0.127777
0.023984
0.119166
0.201968
0.034718
0.069459
0.090484
0.046524
0.238226
0.031614
0.167898
0.179211
0.154366
0.048830
0.187321
0.048636
0.128670
0.023813
0.024662
0.029448
0.185334
0.151976
0.036984
0.154809
0.013956
0.047264
0.021027
0.181391
0.047768
0.045340
0.134903
0.055627
0.114248
0.032017
0.101935
0.272772
0.021390
0.048824
0.037549
0.081222
0.025421
0.071036
0.195787
0.044185
0.025215
0.191065
0.034271
0.203945
0.078040
0.027473
0.436485
0.020055
0.026087
0.132035
0.039195
0.059252
0.016706
0.035859
0.236168
0.061918
0.037452
0.213893
0.026627
0.022882
0.020251
0.078184
0.031256
0.131500
0.213850
0.051886
0.088491
0.072335
0.107366
0.066334
0.034286
0.079733
0.106505
0.025839
0.183103
0.073762
0.088579
0.023365
0.079343
0.050835
0.096052
0.347990
0.037675
0.128079
0.041639
0.039166
0.137810
0.018667
0.056873
0.030484
0.243859
0.018307
0.175079
0.025175
0.019033
0.169893
0.190535
0.009310
0.038715
0.050549
0.012748
0.268384
0.057541
0.030587
0.021431
0.055885
0.085027
0.047138
0.020291
0.110230
0.040394
0.157657
0.019404
0.234394
0.062052
0.024680
0.105039
0.602286
0.033790
0.068700
0.015826
0.228296
0.059278
0.219090
0.047276
0.235340
0.032921
0.056345
0.053794
0.071977
0.159654
0.050344
0.042688
0.015085
0.106015
0.027760
0.132531
0.018546
0.084197
0.067070
0.016897
0.119721
0.088384
0.101325
0.063643
0.068659
0.259387
0.054432
0.027372
0.015407
0.026802
0.074670
0.119373
0.095590
0.047666
0.235853
0.067430
0.038760
0.052756
0.052629
0.032487
0.057406
0.172724
0.201303
0.023356
0.020867
0.033492
0.015169
0.040099
0.017199
0.078614
0.087071
0.251154
0.178103
0.182739
0.029813
0.030859
0.071222
0.088770
0.025214
0.016373
0.185386
0.062841
0.113399
0.048911
0.103963
0.175509
0.147078
0.083646
0.013520
0.181158
0.283387
0.037293
0.110667
0.060359
0.248887
0.019866
0.162941
0.014878
0.026339
0.075140
0.013397
0.022624
0.034688
0.023872
0.121853
0.127012
0.014425
0.059265
0.021903
0.462376
0.024400
0.061082
0.157256
0.025729
0.075118
0.011255
0.021174
0.018970
0.011068
0.017147
0.136887
0.135794
0.051106
0.161760
0.046801
0.030165
0.179753
0.392121
0.100942
0.070813
0.080378
0.080745
0.160945
0.247677
0.166842
0.084869
0.014788
0.050302
0.203642
0.037648
0.150902
0.169630
0.040918
0.073965
0.025212
0.015624
0.038209
0.429634
0.154156
0.140031
0.138312
0.052138
0.015912
0.125238
0.082491
0.044581
0.043114
0.096549
0.043936
0.049119
0.096940
0.070483
0.031733
0.018470
0.065195
0.323220
0.070338
0.071055
0.026105
0.350087
0.107314
0.254913
0.016663
0.160054
0.037342
0.022754
0.019768
0.055022
0.096487
0.104698
0.056622
0.026689
0.049261
0.115930
0.023064
0.082439
0.029090
0.147700
0.039723
0.022930
0.092631
0.026877
0.335158
0.042781
0.043361
0.031294
0.082541
0.024008
0.032410
0.167839
0.020693
0.063051
0.057441
0.152372
0.017426
0.085503
0.056619
0.039470
