17.542620
17.219030
17.133656
17.129589
17.181953
17.129745
17.362240
17.334841
17.199039
17.191942
17.053074
17.123516
17.106363
17.277346
16.907932
17.119947
16.931639
17.055813
17.161821
16.804161
17.055447
17.079313
17.318562
17.042233
17.124453
16.988581
17.028193
17.134201
16.930159
17.032993
16.919722
16.779560
17.025721
16.785856
16.862631
16.881227
16.973814
16.990244
16.976477
16.763308
17.034847
16.956247
17.035236
16.756992
16.786072
16.980312
16.772772
16.909908
16.799431
16.911097
16.792704
16.760401
16.893162
16.905909
17.073120
16.639269
16.834953
16.828611
16.663580
16.753517
16.820086
16.687548
16.713350
16.831861
16.758709
16.724157
16.715982
16.489164
16.879923
16.589558
16.867592
16.664480
16.814198
16.658121
16.563803
16.627745
16.709652
16.768057
16.456745
16.472712
16.484838
16.357967
16.775042
16.609276
16.319887
16.572634
16.449492
16.374184
16.558529
16.584389
16.550365
16.593170
16.588892
16.708975
16.545559
16.484762
16.564495
16.545393
16.485435
16.442814
16.498341
16.512686
16.078745
16.407314
16.611881
16.684618
16.527536
16.522738
16.345387
16.741232
16.270573
16.297131
16.394262
16.456911
16.202591
16.014839
16.230303
16.257704
16.525885
16.296185
16.318403
16.341976
16.201675
16.186495
16.480734
16.342831
15.947033
16.327950
16.092426
16.394917
16.425539
16.088612
16.384899
16.273443
16.047199
16.320862
16.060099
16.265930
16.100210
16.175356
16.082420
16.201727
15.675830
15.863293
16.552038
15.988582
16.228174
15.973213
15.859232
16.009354
15.711675
15.706376
15.763744
15.991309
15.848901
15.717452
15.984132
15.637540
15.853839
15.872644
15.552629
15.774083
16.023237
15.336926
15.420294
15.671501
15.887037
16.079060
15.600208
16.156975
15.702235
15.903437
15.451384
15.769614
15.544979
15.598887
15.610631
15.698888
15.328188
15.508450
14.975011
15.542730
15.566037
15.957182
15.413571
15.205505
15.194381
15.383201
15.444912
15.347087
14.919214
15.054998
15.416704
15.164559
15.246204
15.042121
14.980528
15.428983
15.551641
15.239342
14.855993
14.816067
15.164908
15.068679
14.992376
15.225696
14.992424
15.163610
15.067972
14.783635
14.865913
15.057588
14.465994
14.748635
14.703052
14.607387
14.667593
14.810534
14.490292
14.994328
14.733643
14.205880
14.099201
14.470894
14.285557
14.364819
14.579005
14.072481
14.213092
14.366878
14.213858
14.181951
14.379838
14.143459
14.475372
13.996229
13.649266
14.097047
13.866446
13.791796
13.429581
13.795938
13.425973
14.331332
13.496957
13.525935
13.568329
13.774727
13.152052
13.266687
13.209606
13.242592
12.816782
13.880578
12.753148
13.656258
13.784472
13.092351
13.051442
13.099989
13.001422
11.987579
13.266938
12.827731
12.479961
13.359587
13.118441
12.891255
12.422342
12.181427
12.296151
12.161051
12.509587
12.316848
12.351680
11.933534
11.895778
11.829017
13.058382
11.710137
12.378806
12.042551
11.966105
11.858456
12.097342
11.997050
11.708556
11.265836
12.052732
11.700677
12.145178
11.083036
11.748192
10.353380
11.402541
11.135224
9.735403
10.045760
8.688240
10.748274
10.130138
9.895114
10.474140
10.649014
9.986623
10.303940
10.058728
10.689143
10.417930
10.539550
9.048094
9.959719
10.367265
9.563350
8.920605
10.570364
9.325155
10.271329
9.412596
9.343964
9.594105
9.543906
8.664014
10.597464
8.689263
9.262833
10.582812
10.388953
9.564148
9.452496
9.168827
8.908266
9.467839
8.875018
7.388019
8.805946
8.878521
8.573704
7.048184
6.788311
8.330750
7.422670
8.278587
8.046295
8.532500
8.576647
8.387653
8.261077
7.693000
7.512700
7.489133
7.344909
8.055720
7.793700
6.780325
8.335120
7.366136
8.208006
7.197657
8.602916
8.361022
6.240824
6.927118
6.894494
7.834619
7.676699
7.641130
7.419387
6.950403
7.928609
5.735051
5.147095
6.921548
5.653316
5.266928
7.503405
5.832728
6.066366
7.104865
6.829568
5.926517
6.355779
6.266498
6.715618
5.263198
7.057101
4.028285
5.850376
7.618689
6.272771
7.235725
5.592156
6.698643
5.719719
6.233799
5.494824
6.560534
6.715410
6.339045
6.720980
7.084095
5.647084
6.289106
5.329003
5.346084
6.042297
5.844245
4.529096
5.641022
4.923834
5.811033
5.693747
5.005161
5.525598
4.846738
4.455281
4.823030
5.063695
5.677707
5.343094
4.046361
6.154051
3.894911
5.020420
5.736163
5.136686
5.053250
5.891681
6.000836
4.620593
5.689411
3.486527
5.039964
4.656775
4.105326
6.199279
5.138606
3.907940
3.832126
4.951661
4.537876
4.988110
5.371785
4.100036
3.139253
4.989109
3.887555
4.459892
3.310534
4.859006
4.406859
3.661646
3.709058
3.195638
4.355958
4.379818
3.141495
4.212968
3.633964
4.555931
3.359770
3.617804
4.191741
3.018253
3.726464
3.299572
3.753908
3.853880
4.436179
4.119054
3.344791
3.349024
3.772609
3.821482
4.709535
3.153529
3.936876
4.975419
4.274616
3.177277
4.151035
2.950281
3.044037
3.219215
2.782762
3.363796
2.672453
2.115131
3.316177
4.607832
2.534679
2.592727
4.338110
3.620789
3.033861
3.260225
2.336945
2.550656
3.131500
3.377801
2.862478
2.377262
3.570515
3.276588
3.060802
2.816957
2.189972
3.661373
2.790772
2.009306
3.147160
3.671546
2.587401
2.267509
3.745444
3.378898
3.105786
3.831631
2.089873
2.142488
1.793811
2.522283
3.120450
2.698003
1.617822
2.443695
2.790718
2.863109
1.908335
2.417829
2.696826
2.422540
2.189456
2.734424
2.607980
2.062598
2.854310
2.691017
2.782155
2.874511
2.891221
2.619416
1.317727
2.255011
2.357811
2.226602
2.056437
3.029971
1.746172
2.036764
2.420148
2.812955
1.861331
2.329973
2.770261
1.830036
1.626341
1.814615
1.620550
1.257749
1.764117
1.519318
1.764731
2.160945
1.813990
1.439902
1.686903
1.970554
2.497416
1.862801
1.930184
2.338822
1.465139
1.866417
2.024306
1.882460
0.902852
2.249503
2.403495
1.221595
1.742796
1.592864
1.876508
2.411237
2.770179
1.795152
2.327776
1.351328
1.999455
1.993997
1.753933
1.538191
0.718872
1.225908
2.259032
0.601314
1.234507
1.845755
0.792645
1.122016
1.506014
1.121472
1.095147
0.906644
1.250274
1.849592
1.870913
0.970620
2.146290
2.257842
1.813462
1.220083
1.874775
1.967763
1.413651
2.062490
1.920175
1.450062
2.488642
2.213207
1.619321
1.181000
1.633184
1.418339
1.123460
2.062723
1.404986
1.638213
1.849059
1.447702
0.990989
1.155393
0.655933
0.821050
1.639342
0.592546
1.455018
1.165235
1.390871
1.357681
0.902921
1.214212
2.251418
1.235653
1.485252
1.654628
0.649934
1.165637
2.055813
1.313234
1.018843
1.803234
2.199979
1.197534
1.897730
1.961488
1.681614
0.938101
1.483947
1.164587
1.256212
1.658261
0.920153
0.807917
0.929218
1.468657
1.216803
1.237120
0.935027
0.515993
0.972829
1.121046
0.754948
0.900469
1.003298
1.514636
0.897571
0.760831
1.420725
1.058809
1.084330
1.148142
1.092930
0.764692
1.181780
1.159509
0.580983
0.519182
1.137525
1.276907
0.693605
0.870613
0.861909
1.352898
1.483099
0.744705
1.946075
1.434120
1.676905
1.323398
1.476376
1.134516
1.124896
1.147497
0.598901
0.520368
0.635619
0.584637
0.519101
1.141910
0.845195
1.270238
0.796109
0.635220
0.479859
0.760432
1.024028
0.736146
1.491793
0.362056
0.952152
1.081997
1.220283
0.577673
0.873807
1.068607
1.345967
0.983310
1.501786
1.229973
0.675613
0.635861
0.967434
1.990849
1.237593
1.278704
1.111701
0.560386
0.950062
0.841022
0.879293
0.613463
0.586208
0.697479
0.799244
0.743897
0.613677
0.633675
1.085619
0.454927
1.070130
0.708160
0.582199
0.816875
0.729175
0.678262
0.786294
0.747629
1.407027
1.004206
0.593734
1.133750
0.777103
0.631641
0.482013
0.701455
1.283847
0.648843
0.892944
1.223394
0.624016
0.269447
0.487792
0.753509
0.788049
1.165446
1.040476
0.467324
0.531591
1.157662
0.465985
0.453268
0.550366
0.351878
0.912328
0.646402
0.648356
0.845960
0.260907
0.567966
0.717077
0.807874
0.731182
0.878357
0.531493
0.681535
0.826429
0.912345
1.351888
0.803914
0.534135
0.741038
0.574372
0.431245
0.452516
0.810094
0.491123
0.906583
0.669136
1.121258
0.711322
0.906990
0.741636
0.772285
0.602547
0.663005
0.499527
0.499807
0.310509
0.479125
0.597448
0.324008
0.712052
0.462768
0.243104
0.732418
0.432847
0.816389
0.423686
0.589505
0.423977
0.517500
0.673985
0.660417
0.448755
0.549129
0.355454
0.861228
0.589189
0.704592
0.916858
0.552328
0.418063
0.524328
0.850577
1.261614
0.820503
0.566971
0.342771
0.802618
0.313615
0.488173
0.601106
0.915774
0.683898
0.446004
0.684351
0.832888
0.196758
0.698079
0.715318
0.410162
0.574614
0.619498
0.293494
0.738128
0.523862
0.764543
0.691918
0.323565
0.463197
1.018872
1.040998
0.682090
0.612303
1.027657
0.509176
0.667914
0.421760
0.452074
0.818459
0.392086
1.056611
0.738247
1.012071
0.454424
0.782160
0.461442
0.485537
0.496565
0.451645
0.152459
0.461164
0.217125
0.426720
0.337347
0.272644
0.219793
0.655182
0.408686
0.107401
0.291175
0.765135
0.751640
0.614465
0.416013
0.411904
0.589627
0.390082
1.003132
0.515967
0.514926
0.274313
0.599245
0.268794
0.529710
0.782829
0.800988
0.919664
0.504861
0.425352
0.320548
0.338804
0.316912
0.209725
0.399268
0.306490
0.258778
0.728494
0.426431
0.709424
0.619869
0.276712
0.562083
0.286927
0.589444
0.321625
0.178099
0.414155
0.313542
0.605229
0.200929
0.527998
0.226685
0.959517
0.669933
0.278469
0.327390
0.687045
0.335174
0.875173
0.468713
0.403622
0.643601
0.514624
1.087262
0.873332
0.314488
0.883641
0.831520
0.406639
0.499972
0.688710
0.370027
0.551595
0.305948
0.551250
0.525403
0.656870
0.596739
0.114604
0.407466
0.163039
0.383787
0.511153
0.527561
0.473714
0.630602
0.494754
0.407367
0.512539
0.538228
0.475014
0.389566
0.495648
0.592037
0.871707
0.376507
0.847494
0.450449
0.371652
0.472742
0.833130
0.481320
0.356308
0.426394
0.415509
0.241674
0.429706
0.184206
0.362238
0.428556
0.909815
0.188659
0.866820
0.372820
0.330481
0.414218
0.242248
0.416900
0.267778
0.399204
0.410121
0.195914
0.147453
0.297400
0.524710
0.429870
0.274305
0.247302
0.717102
0.639152
0.686983
0.678817
0.334916
1.018216
0.222161
0.433255
0.785855
0.235762
0.631374
0.229843
0.935077
0.603520
0.378840
0.516102
0.133437
0.170846
0.235577
0.408257
0.376629
0.387613
0.206558
0.167106
0.478535
0.312842
0.119123
0.212581
0.099910
0.075756
0.557777
0.397216
0.539633
0.528762
0.406653
0.452356
0.348710
0.582132
0.107200
0.424298
0.297797
0.703322
0.475287
0.459891
0.501661
0.396213
0.562124
0.413286
0.229974
0.661602
0.193638
0.310238
0.325471
0.094312
0.288628
0.169496
0.199734
0.452795
0.350410
0.119273
0.303174
0.390758
0.152074
0.471916
0.124610
0.608775
0.402297
0.561096
0.636261
0.282510
0.404265
0.135269
0.352763
0.806277
0.565867
0.144843
0.170835
0.554682
0.334414
0.569311
0.480124
0.557588
0.580322
0.335007
0.615926
0.625020
0.550150
0.389522
0.616044
0.439984
0.329714
0.292716
0.244559
0.254114
0.201755
0.448815
0.352698
0.196780
0.202848
0.130385
0.157882
0.678935
0.311255
0.595582
0.299390
0.088547
0.443941
0.277034
0.374422
0.840775
0.230380
0.340861
0.567933
0.162693
0.460152
0.197568
0.609861
0.695635
0.427951
0.201568
0.121294
0.492526
0.280791
0.237288
0.221711
0.234685
0.394466
0.125876
0.469846
0.349043
0.104071
0.316455
0.324415
0.236418
0.309005
0.228452
0.622533
0.243013
0.782321
0.215379
0.333428
0.144665
0.887575
0.251166
0.337385
0.428974
0.181370
0.260058
0.273077
0.166267
0.281301
0.489262
0.190703
0.348130
0.134248
0.413825
0.504548
0.449692
0.441001
0.323594
0.547311
0.667196
0.435062
0.864966
0.317616
0.178277
0.132213
0.308428
0.236573
0.284856
0.233815
0.094370
0.162097
1.023578
0.482165
0.182938
0.715037
0.331661
0.442695
0.726177
0.909482
0.378444
0.349477
0.368309
0.927870
0.384713
0.319457
0.121871
0.100913
0.423862
0.488889
0.265016
0.263176
0.573273
0.579842
0.435946
0.113999
0.148983
0.316220
0.346051
0.448229
0.416836
0.196222
0.493878
0.186974
0.307424
0.380995
0.290799
0.112949
0.093684
0.451539
0.349195
0.609952
0.148581
0.194059
0.625676
0.122822
0.255031
0.126711
0.607652
0.426932
0.618170
0.172589
0.299082
0.055037
0.477839
0.111213
0.350020
0.365823
0.426685
0.682690
0.326808
0.196687
0.320593
0.408193
0.279374
0.516639
0.753432
0.680946
0.409206
0.550022
0.336741
0.539051
0.556576
0.085836
0.041220
0.210579
0.369822
0.294338
0.275019
0.341852
0.112303
0.153596
0.184725
0.453941
0.290207
0.563465
0.339945
0.197258
0.523517
0.185365
0.172372
0.195789
0.226776
0.255534
0.127034
0.121188
0.108511
0.145164
0.295196
0.091875
0.252290
0.234536
0.405209
0.260397
0.110583
0.424992
0.342061
0.303289
0.309954
0.230659
0.088179
0.309372
0.488124
0.140278
0.325547
0.438896
0.344297
0.350366
0.338504
0.386718
0.364321
0.660644
0.334056
0.435853
0.432835
0.287079
0.373031
0.241856
0.731487
0.428473
0.116264
0.327493
0.357237
0.378178
0.156495
0.336881
0.149494
0.395086
0.933869
0.579241
0.290003
0.308560
0.284438
0.264411
0.093951
0.234677
0.278441
0.373789
0.218718
0.191747
0.139121
0.346081
0.216305
0.129053
0.178263
0.222499
0.279488
0.068978
0.483868
0.268651
0.247890
0.299887
0.602571
0.531340
0.355950
0.080196
0.303957
0.119250
0.334993
0.325118
0.108617
0.276969
0.304311
0.237513
0.683708
0.297016
0.258182
0.220630
0.111830
0.106712
0.170665
0.361115
0.110708
0.057158
0.090368
0.249462
0.054435
0.223129
0.320757
0.344106
0.142467
0.434253
0.265593
0.572115
0.099914
0.257838
0.200934
0.241592
0.209588
0.331042
0.147074
0.290767
0.150402
0.264681
0.345911
0.413690
0.275434
0.359546
0.192912
0.329965
0.463170
0.119739
0.210283
0.231455
0.069937
0.442918
0.129104
0.094325
0.385000
0.310028
0.080265
0.079349
0.173936
0.195122
0.178321
0.199479
0.095168
0.257761
0.277943
0.289610
0.070362
0.358145
0.101898
0.119008
0.513763
0.397413
0.263766
0.548277
0.106772
0.216466
0.309459
0.165155
0.309905
0.187693
0.107633
0.210681
0.224782
0.447448
0.224511
0.480476
0.349016
0.342205
0.187426
0.206563
0.058634
0.142555
0.120682
0.239956
0.042215
0.137089
0.356290
0.363581
0.325934
0.150579
0.216846
0.186737
0.132610
0.146611
0.225200
0.152137
0.407836
0.124243
0.186089
0.396482
0.452154
0.412183
0.093541
0.461522
0.404918
0.082409
0.511237
0.239034
0.214977
0.429304
0.264563
0.221519
0.309056
0.324537
0.077230
0.087367
0.181966
0.137891
0.041545
0.165592
0.066227
0.323853
0.380466
0.121931
0.191126
0.182350
0.142401
0.542443
0.634174
0.703069
0.345490
0.146617
0.181738
0.081600
0.275653
0.349860
0.176273
0.097811
0.101476
0.403427
0.145617
0.647889
0.231551
0.129991
0.216513
0.338914
0.249115
0.455296
0.249375
0.265626
0.336682
0.686555
0.200640
0.162129
0.136451
0.176171
0.163811
0.112609
0.133701
0.227283
0.267675
0.328951
0.194915
0.108596
0.073614
0.056177
0.304815
0.203827
0.363892
0.239314
0.087362
0.194796
0.173057
0.395048
0.068651
0.476765
0.110873
0.498914
0.296806
0.129044
0.204135
0.586758
0.284858
0.179899
0.243305
0.222543
0.267310
0.070031
0.460559
0.334441
0.305162
0.103282
0.122599
0.139414
0.244149
0.344396
0.278864
0.285331
0.282688
0.112095
0.308959
0.118581
0.429787
0.229705
0.128878
0.159417
0.169243
0.257177
0.108289
0.339693
0.720723
0.157235
0.226581
0.447165
0.406797
0.401271
0.213285
0.056430
0.091905
0.234976
0.250626
0.064691
0.268518
0.283128
0.389916
0.266462
0.067467
0.159914
0.053733
0.089150
0.096490
0.321783
0.056478
0.087872
0.524379
0.203788
0.202076
0.088023
0.160465
0.074458
0.219963
0.339883
0.118720
0.152546
0.055562
0.243987
0.132196
0.306216
0.156172
0.075844
0.159329
0.406884
0.513453
0.447162
0.245887
0.219878
0.232837
0.090576
0.116205
0.097838
0.090594
0.215503
0.246107
0.131268
0.279970
0.326442
0.078074
0.169031
0.352262
0.229385
0.072574
0.178109
0.355001
0.272348
0.171598
0.244159
0.134740
0.179563
0.721577
0.680230
0.250225
0.113205
0.159502
0.282167
0.138619
0.505781
0.122064
0.251092
0.123716
0.131044
0.355658
0.555289
0.052720
0.451960
0.263085
0.240435
0.119929
0.186609
0.391206
0.282416
0.041520
0.064741
0.066859
0.248070
0.292693
0.105600
0.023943
0.087833
0.178894
0.049339
0.070300
0.042182
0.103005
0.119203
0.151308
0.086654
0.057531
0.124927
0.238476
0.314963
0.096907
0.349529
0.149398
0.160298
0.322146
0.077896
0.126106
0.096255
0.245906
0.053853
0.318575
0.174358
0.464553
0.454223
0.190563
0.165103
0.227222
0.166824
0.275154
0.231851
0.188752
0.079025
0.172491
0.063432
0.207426
0.153456
0.066311
0.105474
0.135495
0.107916
0.446255
0.158742
0.337949
0.372534
0.262434
0.291642
0.364220
0.173473
0.156243
0.291668
0.288065
0.115460
0.622616
0.159613
0.332808
0.231606
0.168722
0.130697
0.107252
0.464555
0.255542
0.129683
0.442046
0.361270
0.349186
0.116820
0.074516
0.031494
0.241991
0.053364
0.153283
0.091683
0.426432
0.141946
0.097930
0.167851
0.324144
0.030168
0.173858
0.243760
0.197629
0.103105
0.284644
0.306868
0.423419
0.044261
0.108980
0.148169
0.051350
0.121538
0.378561
0.177737
0.150588
0.174725
0.551280
0.268610
0.251638
0.397135
0.077001
0.192075
0.264197
0.213171
0.093596
0.043885
0.076552
0.086108
0.223237
0.087648
0.055464
0.262520
0.248033
0.192319
0.107983
0.034437
0.110183
0.199133
0.381563
0.426843
0.461770
0.365800
0.274959
0.273228
0.500480
0.047836
0.293612
0.132060
0.301306
0.150326
0.605885
0.216689
0.065256
0.067565
0.436825
0.115726
0.043420
0.090406
0.125517
0.159910
0.097685
0.294829
0.115455
0.103027
0.218455
0.077592
0.339595
0.228188
0.118424
0.046015
0.186437
0.373276
0.231186
0.374904
0.076825
0.307685
0.047490
0.635152
0.215087
0.198565
0.264704
0.161098
0.132482
0.178491
0.173156
0.058998
0.343439
0.331566
0.219014
0.411097
0.110707
0.369944
0.092976
0.358039
0.054270
0.118853
0.111578
0.191455
0.121317
0.141094
0.054289
0.189177
0.054432
0.119552
0.273212
0.042914
0.032451
0.363308
0.312902
0.139485
0.165625
0.128493
0.528282
0.232425
0.306912
0.051473
0.160836
0.330315
0.253265
0.257312
0.055126
0.214254
0.264893
0.050199
0.082497
0.156802
0.368627
0.154240
0.136176
0.389427
0.361005
0.189923
0.257214
0.038287
0.146544
0.313547
0.129265
0.357841
0.124247
0.145073
0.084068
0.213542
0.082186
0.158803
0.019589
0.061309
0.217147
0.127149
0.237610
0.202757
0.173716
0.397094
0.244887
0.269901
0.099034
0.051842
0.380648
0.493976
0.108904
0.285506
0.310036
0.112930
0.223066
0.185925
0.194716
0.210159
0.097169
0.059883
0.263003
0.328634
0.365632
0.478521
0.322077
0.318865
0.447391
0.044643
0.117705
0.060990
0.215745
0.026824
0.191863
0.091839
0.063859
0.048855
0.239404
0.302370
0.150167
0.511032
0.190714
0.098849
0.044394
0.141388
0.382092
0.644066
0.049318
0.303590
0.346871
0.122138
0.427515
0.180249
0.246455
0.054804
0.279342
0.263203
0.395233
0.066328
0.103175
0.093089
0.105542
0.175276
0.102525
0.140104
0.044915
0.126360
0.035047
0.125415
0.046166
0.088617
0.138959
0.086732
0.047074
0.213918
0.154137
0.221501
0.457703
0.077652
0.112815
0.135163
0.033680
0.169742
0.045467
0.170218
0.036366
0.088507
0.175779
0.103656
0.120060
0.472334
0.081783
0.041290
0.133696
0.355179
0.433556
0.408365
0.139525
0.094313
0.101891
0.060470
0.102064
0.186728
0.080004
0.288458
0.078855
0.368116
0.051257
0.083523
0.288639
0.171060
0.135778
0.050557
0.090243
0.087627
0.110188
0.205645
0.232858
0.428896
0.190083
0.059182
0.169782
0.255878
0.149788
0.101336
0.310577
0.115058
0.114933
0.082159
0.215775
0.070536
0.146946
0.082071
0.284477
0.309882
0.089560
0.051148
0.140619
0.091613
0.020182
0.048419
0.225643
0.034939
0.179833
0.217620
0.049995
0.048298
0.373568
0.142202
0.131951
0.192208
0.051147
0.052271
0.301866
0.091379
0.183675
0.119313
0.119128
0.149087
0.248821
0.107908
0.188422
0.268487
0.071993
0.154876
0.205663
0.150936
0.143858
0.364536
0.253420
0.032847
0.402911
0.031014
0.183468
0.086210
0.118159
0.135952
0.030740
0.029955
0.111468
0.036230
0.088466
0.161589
0.299412
0.098492
0.276814
0.275310
0.073370
0.215762
0.286967
0.230648
0.177957
0.148509
0.555452
0.652483
0.126223
0.106462
0.131473
0.128242
0.166740
0.095926
0.030610
0.151226
0.229863
0.376108
0.256770
0.165011
0.181776
0.265890
0.169999
0.073468
0.026611
0.138186
0.346947
0.084057
0.340267
0.218826
0.034728
0.050561
0.069276
0.203511
0.107041
0.089284
0.092878
0.203869
0.188407
0.273898
0.300083
0.110985
0.322077
0.310975
0.375679
0.300024
0.074918
0.094756
0.173816
0.178461
0.102497
0.318251
0.255203
0.412739
0.282238
0.149292
0.136779
0.186042
0.270009
0.133404
0.294705
0.096189
0.174855
0.319784
0.096594
0.202238
0.382500
0.176426
0.054836
0.082307
0.064133
0.221305
0.168207
0.407953
0.334373
0.475556
0.423048
0.239018
0.038970
0.153996
0.068404
0.024704
0.296601
0.062287
0.032295
0.090960
0.262807
0.099624
0.090898
0.124455
0.045301
0.211438
0.113520
0.022933
0.302648
0.432232
0.039702
0.255218
0.156985
0.225632
0.028366
0.043665
0.132497
0.040893
0.031585
0.022058
0.155763
0.144248
0.176202
0.216794
0.267536
0.242370
0.221284
0.129896
0.028862
0.101834
0.335491
0.090297
0.404550
0.177672
0.110251
0.198291
0.144477
0.164261
0.155725
0.083110
0.130996
0.071735
0.107440
0.132133
0.099753
0.100349
0.259918
0.072217
0.161337
0.074038
0.307581
0.328542
0.273210
0.040984
0.021550
0.215827
0.044285
0.091205
0.040696
0.044960
0.027335
0.096202
0.124662
0.167164
0.087274
0.051984
0.228758
0.090155
0.026957
0.122057
0.172139
0.052478
0.054010
0.337604
0.025482
0.374110
0.130722
0.123923
0.148656
0.054977
0.042489
0.083261
0.325111
0.154760
0.098680
0.403858
0.456697
0.048988
0.079254
0.238318
0.181555
0.043586
0.048195
0.110125
0.080499
0.054887
0.082320
0.067238
0.051070
0.023969
0.057570
0.132395
0.145975
0.120810
0.469703
0.068294
0.106124
0.397024
0.080133
0.078014
0.198614
0.165462
0.158834
0.246782
0.045628
0.097627
0.168655
0.137828
0.021558
0.114077
0.048322
0.437824
0.028860
0.031226
0.050222
0.071420
0.035603
0.184557
0.095620
0.174231
0.295845
0.049848
0.345639
0.045624
0.138671
0.168820
0.112324
0.286833
0.029693
0.155375
0.045137
0.080813
0.072810
0.212516
0.260691
0.085095
0.182186
0.057438
0.196979
0.232035
0.030519
0.076960
0.047215
0.103920
0.114638
0.143365
0.075858
0.037741
0.027688
0.130131
0.028875
0.149889
0.033876
0.065840
0.050687
0.051109
0.046872
0.144416
0.075357
0.037770
0.223762
0.097905
0.061835
0.025004
0.319465
0.115100
0.249947
0.026567
0.175704
0.051957
0.067464
0.186477
0.145023
0.187328
0.314251
0.112465
0.108200
0.041711
0.056384
0.296765
0.162277
0.091459
0.106281
0.066883
0.023140
0.030670
0.219419
0.058580
0.053604
0.193153
0.164572
0.220134
0.030924
0.200978
0.033551
0.313188
0.079356
0.061094
0.366117
0.100254
0.065319
0.138667
0.068891
17.215982
17.394726
17.315903
17.131010
17.261772
17.292091
17.197117
17.208723
17.240234
17.213648
17.149698
17.048397
17.075871
17.234871
17.113188
17.082962
16.997974
17.069862
17.206747
17.296816
16.953180
17.057724
16.874004
17.129984
17.000029
17.037174
16.857939
17.031645
16.885515
16.914541
16.831869
16.870094
17.047844
16.921305
17.026003
16.810848
16.801332
16.949678
16.789927
16.810289
16.902523
17.012869
16.893650
16.789030
16.732185
16.939869
16.588703
16.801098
16.625463
17.043606
16.843208
16.836006
16.855253
16.747820
16.405333
16.577040
16.718452
16.742733
16.597456
16.992086
16.920513
16.738712
16.952782
16.671116
16.905958
16.626602
16.532410
16.729071
16.769003
16.758688
16.672834
16.870874
16.962372
16.690390
16.546597
16.912748
16.687790
16.592627
16.724270
16.627052
16.565643
16.710073
16.688587
16.499943
16.572451
16.606142
16.479885
16.638805
16.786652
16.604664
16.244522
16.642736
16.511692
16.654928
16.416800
16.478132
16.389162
16.415136
16.581543
16.660961
16.225389
16.399061
16.546726
16.422813
16.692377
16.419806
16.379688
16.340904
16.359152
16.380566
16.313759
16.135899
16.435862
16.223518
16.372564
16.141207
16.444801
16.141171
16.652769
16.174570
16.169056
16.228905
16.148586
16.099051
16.040798
16.328356
16.147112
16.369953
16.157574
16.240662
16.310406
16.305090
16.222788
16.177250
16.243465
16.118399
16.247984
16.072947
16.011627
16.082438
16.115389
16.145248
15.980695
15.990286
16.034897
16.280495
16.278786
16.204016
16.152847
16.224243
16.025476
15.904631
15.548830
15.442694
15.879196
16.064379
15.916994
15.428538
15.808499
16.062069
15.854486
15.784071
15.680675
15.617933
15.866444
15.416147
15.604858
15.858319
15.614156
15.726258
15.598599
15.945634
15.817055
15.863658
15.611650
15.804844
15.534695
15.768894
15.825205
15.566387
15.555348
15.910959
15.361197
15.820039
15.399973
15.320439
15.411575
15.398541
15.429683
15.095465
15.438742
15.005466
14.544334
15.282777
15.191512
14.815704
15.598166
15.102697
14.573498
15.059323
14.958120
14.973867
14.701153
14.901453
15.091656
14.491464
14.688758
14.727767
14.910691
15.524349
14.867495
14.797121
14.397799
15.042501
14.401245
14.763420
14.456242
14.735456
14.124645
14.538891
14.334214
14.139541
14.355949
13.770747
14.753480
13.995498
13.743426
13.946939
13.977320
14.515331
13.249421
13.616053
13.300153
13.788168
13.777518
14.018391
13.655575
13.084314
13.540497
14.133676
13.158878
14.361268
13.462909
12.561733
12.502232
13.074298
13.315042
13.942842
12.624518
13.349182
12.525257
12.214170
13.118841
13.079575
13.069438
12.613823
12.559747
13.280140
13.376319
12.161176
13.269030
12.303763
13.165509
12.251751
12.253631
11.984571
11.975529
12.074493
12.642518
11.767782
12.489346
11.799844
12.385422
12.138262
11.848693
11.177668
12.120481
12.071129
10.960878
11.518155
11.227042
10.984674
10.708357
10.933582
11.411994
10.901791
10.272108
11.985531
11.596208
10.264846
10.359909
11.004988
10.095181
11.172120
11.257920
10.648041
10.771080
11.139535
11.871308
11.944531
10.001348
9.623511
9.965016
9.799253
10.292558
10.099752
9.155429
9.237662
9.653787
9.517133
10.632181
9.825743
9.839438
9.123257
9.216589
9.022470
8.988125
9.220947
9.949215
9.972789
9.072312
9.631842
9.591860
8.826056
9.665929
9.458936
8.925774
8.914663
9.026217
9.509945
9.390091
9.623815
8.733404
9.332660
7.831414
9.119332
9.203877
7.040767
7.923398
8.947792
8.283778
8.760308
7.859339
9.059659
7.871453
8.340073
8.190801
7.374295
8.026661
7.997294
6.808744
7.118327
7.326267
8.314842
8.009396
7.210004
7.299682
8.522795
7.251786
7.847015
7.507163
6.986433
7.449526
7.705944
7.930881
7.307764
7.457206
6.665600
6.579612
6.970129
6.303434
6.749940
7.744994
7.884265
6.566491
6.034311
5.060293
5.982241
5.181629
6.593675
5.710132
7.316859
5.775456
5.304229
5.453820
6.038590
5.064869
6.384353
5.367391
4.952099
5.816329
5.837293
5.211608
6.388916
6.374331
6.547120
5.794067
7.065921
6.111192
6.313306
4.660266
5.802432
6.504609
5.571949
6.475103
6.314920
6.764888
5.885201
4.955082
4.434605
7.089559
4.879288
5.655211
4.165584
4.518129
4.709702
6.042873
4.693566
4.526196
4.721485
5.268760
5.199524
4.214412
4.877236
4.182485
5.402616
4.982488
4.468803
4.599401
4.854088
5.075082
4.243684
5.613503
5.519927
4.327659
4.037409
5.055429
4.765459
4.541802
4.731988
5.084274
4.885597
5.026222
4.353946
5.108785
4.091460
4.480472
6.750215
2.941187
4.891443
2.270008
3.895453
4.421034
4.097912
3.599112
3.538202
3.891114
3.616219
2.965581
4.005520
3.921241
4.116779
3.131606
4.172362
5.833836
3.906906
4.098657
3.299624
4.080812
3.113039
4.160068
3.630423
3.366985
3.892945
3.355069
2.203039
4.499594
4.971144
3.390163
3.188861
3.545260
5.371665
4.111676
3.067697
3.592982
2.407861
3.263256
3.234936
2.619964
3.197981
2.906976
2.285694
2.678738
2.777101
3.364700
3.192947
2.114757
1.965211
2.651650
3.061635
3.333370
3.848499
1.877977
3.059049
3.603403
4.652400
2.633078
2.948757
3.165806
3.093509
3.789798
3.925981
2.790489
3.028948
2.855165
2.434683
1.523264
3.563163
2.485859
2.733810
3.212276
2.798159
2.468677
2.280702
2.418789
2.513451
1.786040
1.471127
2.476856
1.811599
1.948567
2.335928
1.798143
2.516305
2.215936
2.915681
1.306735
2.118391
2.653175
2.299886
2.164167
2.301265
2.288249
2.500357
3.151473
2.031018
1.403912
2.208488
2.232809
2.248269
2.903309
2.391924
1.862740
2.053919
2.210318
2.868166
2.380871
2.763181
2.720339
2.065741
1.627503
1.964088
2.283505
1.246858
1.645953
1.542380
1.956913
1.325359
2.331605
0.911895
2.012432
2.345522
2.347124
2.153609
1.174262
1.975863
2.445832
1.984256
2.100418
1.992670
1.580420
1.871388
1.191358
2.481056
0.903582
1.741278
1.617854
1.625733
2.262495
1.720950
1.662464
1.907942
1.398461
1.664377
1.215248
2.169734
1.465102
0.923681
1.439114
1.294058
1.459620
1.682494
1.441682
1.116998
1.609227
1.688868
1.918562
1.827599
2.190719
1.017676
1.389604
2.069528
1.659481
2.434253
2.287246
1.402474
1.449186
1.648754
1.259162
2.676669
1.878294
1.935240
2.440862
1.993493
2.140400
1.545191
1.625626
1.342875
1.314165
1.769900
2.101100
2.106364
1.649777
1.728884
0.614106
1.357817
0.808533
1.623557
1.322433
1.420582
0.875108
0.874877
1.983169
0.777679
1.846024
1.598548
1.270336
1.309309
1.436462
2.244279
1.654050
0.904010
1.526230
1.088493
0.794813
0.784761
1.821725
1.613222
2.024352
1.554701
1.629175
1.826496
2.260084
1.757121
1.528668
1.160804
1.267853
1.542895
1.234542
1.366601
0.895920
1.581817
1.034836
0.601143
0.676865
0.594577
1.093798
1.088750
1.440153
1.634736
1.300847
1.430808
1.404308
0.819673
1.374419
0.968976
0.630232
0.973037
1.288269
0.827131
1.382539
2.004163
1.831160
0.488184
1.748948
0.670499
1.809128
2.498361
1.321293
1.724091
1.074562
1.487464
1.210192
0.707102
1.771513
1.117714
1.678180
0.464976
0.984939
1.455453
0.955712
0.374315
0.514754
0.726614
0.794445
0.663492
0.998602
1.018053
1.744230
1.237345
0.703965
0.923043
0.613768
1.074108
1.827136
1.673588
1.270377
1.225996
1.605795
1.493328
0.537742
1.484180
1.758994
1.311669
1.889900
2.279276
1.320983
1.156314
0.365831
0.931013
1.456367
0.676609
2.144330
1.123065
0.587305
0.495154
0.454930
0.644362
1.302860
1.005197
0.563549
0.545406
1.483579
0.766488
0.719045
0.490280
1.015143
0.911079
0.758833
0.648743
0.421218
0.828372
0.284281
0.338657
0.741836
0.941927
1.239375
0.990328
0.757398
0.694908
0.698058
1.033406
1.130314
0.901563
1.169209
1.027574
0.619694
1.071347
1.281260
1.093320
0.820291
0.479104
1.203063
0.761941
0.894388
0.932281
0.775795
0.268609
0.549710
0.884237
0.738238
0.579775
0.699302
0.712556
0.697659
0.401684
0.690001
0.628799
0.627293
0.965424
0.678076
1.116210
0.637015
0.490866
0.661213
0.577475
1.417033
0.668416
0.536725
1.120088
1.033434
1.626009
0.621555
0.781402
1.039128
1.222335
0.873743
0.473652
1.050752
0.567643
0.344822
0.391176
0.716245
0.321742
0.773307
1.224254
0.836932
0.744100
0.460713
0.283713
0.639703
1.136238
0.369889
0.541706
1.116245
0.850581
0.321244
0.539092
0.529417
0.696598
0.584507
0.682772
1.301421
0.506441
1.316892
0.652440
0.359658
0.909669
0.696599
1.169105
1.259727
1.554119
0.891364
16.951830
17.056318
16.959450
16.434446
15.865134
15.763226
15.238374
14.185339
11.611813
9.858837
8.016789
6.388863
6.383212
4.636538
3.653847
2.817152
2.299992
3.116361
1.282828
1.026270
0.874955
1.038928
0.719854
0.498349
1.011111
0.458523
0.823648
0.923954
0.590726
0.739495
0.456003
0.624612
1.314249
0.780924
0.196532
0.583517
0.394377
0.158171
0.471984
0.882394
0.237441
0.183281
0.461154
0.386716
0.251353
0.831574
0.532592
0.257044
0.291775
0.265787
0.170157
0.166111
0.246748
0.050498
0.571185
0.116734
0.062586
0.872565
0.336604
0.390824
0.303357
0.176406
0.432070
0.056806
0.056760
0.040705
0.138842
0.087701
0.281837
0.200020
0.337429
0.123273
0.475885
0.559415
0.120766
0.095189
0.442130
0.155446
0.252262
0.109248
0.087413
0.135010
0.044945
0.055997
0.397600
0.042841
0.512886
0.057910
0.126533
0.216468
0.128725
0.238815
0.042473
0.159213
0.210683
0.124454
0.038984
0.028341
0.033754
0.041515
0.064938
