17.163076
17.195965
17.280937
17.035328
17.044983
16.852249
17.301140
17.026781
17.130539
17.096899
17.061865
17.392115
17.149094
17.105104
17.180023
17.313602
16.881760
17.074352
16.858677
17.025537
17.208979
17.070618
17.043610
17.299076
17.151255
17.093763
17.091347
16.946234
16.870966
17.057825
17.032688
16.998621
16.713623
17.038822
17.255566
16.977764
16.968472
16.942520
16.847258
16.811399
16.926977
17.036997
16.840166
16.752562
17.059883
16.892656
16.728952
16.874840
17.023489
16.900648
16.846191
17.031124
16.862988
16.999659
16.774321
16.959639
16.757875
16.790033
16.776657
16.750359
16.853065
16.633507
16.738415
16.821526
16.791918
16.905678
16.634811
16.820127
16.807549
16.689756
16.750109
16.591681
16.518400
16.698671
16.521015
16.622980
16.629631
16.601889
16.664482
16.700899
16.480865
16.803738
16.715315
16.789701
16.607584
16.805077
16.724735
16.596111
16.665127
16.776888
16.723627
16.606754
16.625198
16.469540
16.581829
16.631100
16.405853
16.738752
16.470102
16.531094
16.623079
16.690985
16.565216
16.405571
16.770332
16.502436
16.475880
16.620380
16.607754
16.292662
16.372322
16.268938
16.395870
16.507298
16.612534
16.255417
16.745564
16.387203
16.382511
16.446304
16.646675
16.295031
16.228437
16.443521
16.375132
16.511751
16.559866
16.570635
16.254227
16.324650
16.513859
16.278278
16.223141
16.265440
16.212202
16.285799
16.292656
16.305229
16.414646
16.282084
16.167578
16.352287
16.377060
16.379927
16.429033
16.167105
15.976040
16.336561
16.308359
15.804334
16.324905
16.123486
16.126896
16.126791
16.033203
16.208971
16.203476
15.999803
16.017456
16.008633
16.065369
16.248924
16.334375
16.077957
16.162977
16.025311
16.227680
16.292820
15.834790
15.996877
15.887818
15.700039
15.979560
16.294920
15.818561
16.388609
15.544532
15.533503
15.679521
15.816845
15.697195
16.274195
16.103333
15.953706
15.728336
15.570523
15.807769
15.947597
15.452028
15.774717
15.447309
15.644396
15.874622
15.482792
15.802800
15.658578
15.549504
15.559984
15.360154
15.530333
15.683584
15.612948
15.535909
15.255049
15.303574
15.359809
15.498984
15.240075
15.729110
15.361473
15.311909
15.465273
15.139619
15.186863
15.171698
15.164221
15.480888
15.366906
15.412243
15.234295
14.941333
15.453379
15.251360
14.978740
14.678406
15.192090
14.807419
14.901611
14.745744
15.302021
15.300970
14.706778
15.219746
14.864781
14.460058
15.121785
14.926640
14.823814
14.697511
14.919886
14.960526
14.507474
14.986257
14.249108
14.506726
14.450743
14.549614
14.457609
14.407684
14.694676
14.511046
14.277832
14.130533
15.130928
14.654873
14.351925
14.505547
13.910422
14.691704
13.497148
14.091841
13.999417
14.009552
13.993279
14.052478
14.169666
13.070241
13.705900
14.067148
13.892571
13.996545
13.501321
12.662323
13.305064
13.113040
13.120183
13.706841
12.965201
13.424739
13.048415
13.176849
13.920689
13.723131
12.672585
12.713935
13.334351
13.095530
12.727484
13.423881
13.121320
12.882693
12.787836
13.653870
13.003379
12.536844
12.855079
11.612139
11.629565
12.244227
11.647395
12.060266
11.786281
10.462915
11.566676
12.703056
12.605148
11.008565
11.071405
11.902163
11.949730
11.958727
12.603421
12.090172
12.699478
11.318921
11.340037
11.103498
10.682912
11.888000
12.809903
10.508960
11.681972
11.159575
10.888249
11.318743
11.728102
11.301912
12.233004
10.949520
10.928080
11.785664
11.120612
10.642715
11.454718
9.556245
9.560630
10.707474
10.657896
10.853752
9.035599
10.300935
10.833877
9.857444
9.101151
10.170341
10.837417
10.008067
9.313696
10.388659
11.093895
10.128627
9.056216
10.280422
10.117023
9.956248
9.509774
10.355311
10.033689
9.425187
9.821938
10.613202
8.362343
9.343511
10.085979
9.877003
9.013651
9.868595
8.680666
8.013715
9.716344
7.584451
8.783316
8.085077
7.589932
8.757816
8.867952
7.653225
7.712182
7.784197
7.965765
8.003157
8.724472
6.571264
8.580990
7.740213
7.679572
8.254532
7.841083
7.711831
6.865317
9.570259
8.437948
8.932540
7.810851
8.164234
8.403643
8.409191
7.658027
7.955044
7.974264
7.229003
7.668133
8.583389
7.345673
9.017450
9.141070
6.842155
7.323008
7.443671
6.806040
6.023457
5.742382
6.272914
7.283392
7.572504
6.158218
5.227797
6.769517
5.871123
6.413403
6.558392
5.807123
5.843009
6.078711
7.254375
6.464431
5.985874
6.896096
6.757484
7.767648
6.072080
6.036351
6.923758
5.340895
5.311947
7.175501
6.162618
6.231845
6.281929
6.085104
5.978136
6.786495
6.878519
6.676981
4.615252
4.378784
4.329146
5.335182
4.924829
5.621530
4.616578
5.026531
5.063583
5.771748
4.734861
5.045357
6.287948
4.700173
5.936081
5.401939
5.474401
5.464643
5.010368
5.062527
4.602241
4.439723
5.321611
5.146957
4.565602
5.078637
3.894586
5.715322
4.333416
5.287671
3.980164
4.649378
4.841719
5.293213
4.541381
4.986239
4.260457
3.428629
3.786395
3.913428
3.760986
4.938537
3.114677
4.232036
4.658972
3.092981
3.480134
3.727610
5.852755
4.714753
4.253403
3.412950
4.700018
3.980720
4.286685
4.097979
4.162910
3.245900
3.823740
4.368057
3.107940
4.105445
4.476739
3.881909
5.089380
4.371452
4.032093
5.160186
3.959589
5.054620
4.288563
4.668918
4.340034
4.081263
2.891393
3.170825
2.866940
3.368012
3.309692
3.677120
4.132993
3.298745
3.719828
2.857357
3.330695
3.533193
2.494751
3.397029
2.869038
3.560504
3.467058
3.642579
3.663444
3.059537
4.147224
3.675057
3.335821
2.595591
3.780735
3.242272
4.049005
4.012683
2.987844
3.720201
3.254878
4.258008
3.825068
3.520119
4.019253
3.810786
3.438125
2.357358
2.561393
1.734995
1.777727
1.827709
2.948652
2.799052
2.033230
2.260201
3.452317
1.994592
2.511178
3.035501
2.724715
2.607919
2.832181
4.035407
3.781128
1.569515
3.032065
2.825189
2.967769
2.843838
3.265404
2.545470
2.626874
2.554908
2.252560
2.867389
2.884022
2.084245
2.286199
3.331799
2.691167
3.779501
2.512194
2.469141
1.115193
2.123580
2.188520
1.526862
2.574954
1.689318
2.055377
3.073022
2.287373
1.171443
2.262005
2.002619
2.558317
1.928933
1.816280
3.109900
2.388393
1.796962
3.375582
3.422773
2.814898
1.856678
3.084792
2.132100
1.781449
2.816842
1.769979
1.848657
2.687830
1.622970
2.658281
3.220870
1.942089
2.846663
2.151091
2.470526
1.459628
1.817521
2.033449
1.964933
2.018338
1.366315
2.072494
2.134257
1.399875
1.548507
2.242324
1.879928
1.498298
1.709268
1.905234
1.521379
1.683256
1.956779
1.616708
1.836366
2.209178
2.144955
2.199003
1.302124
1.709375
2.265487
2.440037
1.686943
1.387526
1.930171
1.836602
2.201315
2.072391
1.261434
2.052162
2.140375
2.836728
1.650168
1.157543
1.403081
1.286357
1.640320
1.432307
1.371577
1.366843
1.613428
2.289197
1.060853
1.302807
2.033510
1.218590
1.490792
0.737619
1.412714
1.504555
1.700384
1.385277
1.543108
1.054729
1.018652
1.216833
1.851928
1.834293
1.302140
1.267362
0.884416
1.347985
1.723707
1.383101
1.081580
1.691117
1.061411
1.494753
1.670472
2.171018
1.407022
0.721156
1.239215
1.070837
0.989742
1.136277
1.332698
1.720163
2.040972
1.113338
1.394935
0.993971
1.284764
1.174165
1.034020
1.340454
1.652808
1.588482
1.306836
1.173927
0.931187
1.131449
1.511823
1.285572
1.201697
1.665824
1.524512
1.191915
1.084667
2.479450
1.125271
1.538623
1.091715
1.857282
1.239630
1.695570
1.730883
0.794284
0.764281
1.148020
0.956112
0.935142
0.792721
1.618167
1.156273
0.751350
1.263094
1.545184
1.092386
0.560804
0.865179
0.816039
1.338135
1.493160
1.922586
1.147979
0.898943
1.013554
0.834429
0.424006
1.127292
1.398592
1.511568
1.257646
1.949915
1.403476
0.793409
1.380992
1.079428
1.486514
1.456257
0.894369
1.193211
1.177799
0.823166
1.463342
1.025278
0.938016
0.603733
1.325068
0.913940
1.082917
1.002532
1.329952
1.130362
0.674096
1.150564
0.814811
0.648934
1.112182
0.998717
0.358496
0.582036
0.608851
1.019977
0.850934
0.601541
1.443162
1.114440
0.939000
1.346817
0.964789
0.828544
0.999849
1.222207
0.965488
0.933847
1.290740
0.660489
1.801791
1.117068
0.633489
0.940354
1.124473
1.115129
0.848826
1.321213
0.455886
0.250581
0.741775
0.873434
0.565884
0.565158
0.611013
0.981674
1.128104
0.834199
0.466821
1.461730
1.736628
1.047296
1.014912
0.929795
0.883575
0.434010
0.848785
1.184338
0.271878
0.707528
0.508618
1.135560
1.026516
1.363126
0.491438
1.110453
1.427601
1.277563
1.238671
0.812141
0.833426
0.591086
0.623208
0.621373
0.980448
0.173661
0.934694
0.765271
0.549363
1.230381
0.697810
0.902894
0.475300
1.062440
1.062687
1.326259
0.370202
0.854483
1.225024
1.318546
0.670583
1.483497
0.634812
0.627610
1.539758
0.703465
0.854036
0.845016
0.893296
0.652405
1.627606
0.799709
1.111491
1.410543
0.405274
1.507459
1.101465
0.459143
0.874336
0.713978
0.878110
0.694252
0.367243
0.388229
0.622260
0.730535
0.513798
1.255332
0.686779
0.416572
0.704743
0.923826
1.090413
0.668471
0.886754
0.679617
0.912959
0.471975
0.537451
0.339752
1.308781
1.050273
1.474466
0.644051
0.660480
0.929888
1.064803
0.745025
0.913931
0.932231
1.516407
0.515607
0.468786
0.937145
0.916998
0.431634
0.429766
0.509198
0.519270
1.323164
0.206490
0.723392
0.249065
0.746531
0.528955
0.414579
0.894746
0.738500
0.650962
0.932239
0.235935
0.458340
0.603824
0.238448
0.329450
0.655332
0.593055
0.828273
1.214202
0.609580
0.893061
0.497909
0.522428
0.960500
0.643110
0.581298
0.764295
0.932533
0.339490
0.862418
0.605143
0.384571
0.177055
0.303198
0.726196
0.661495
0.194641
0.714630
0.396955
0.398845
0.574021
0.699004
0.725133
0.454534
0.618462
0.690065
0.744315
0.571971
0.396330
1.362921
1.456776
0.435183
0.783342
0.308142
0.895907
1.409871
0.431821
0.420673
0.986094
0.706451
0.744465
0.889806
0.806144
0.633154
0.475058
0.584059
0.838532
0.537467
0.330484
0.602729
0.567594
0.152992
0.416240
0.592331
0.560325
0.391489
0.822254
0.912736
0.653398
0.634627
0.844479
0.350672
0.214432
0.310443
0.194792
0.686081
0.428435
0.683154
1.011939
0.471963
0.919138
0.910153
0.621454
0.606363
0.522915
0.711127
0.920626
1.040855
0.333599
0.346257
0.626648
0.719273
0.629143
0.966218
0.750034
0.267531
0.606078
0.127759
0.442410
0.323655
0.274784
0.305832
0.821362
0.239652
0.500106
0.848503
0.365519
0.492662
0.676580
0.529207
0.428759
0.705344
0.707033
0.966721
0.974516
0.867670
0.616610
0.573033
0.580966
0.535635
0.405580
0.619047
1.021008
0.705806
0.205628
0.331171
0.674366
0.416027
0.553798
0.566800
0.584505
0.123418
0.247279
0.593331
0.470772
0.917923
0.125652
0.496423
0.869353
0.344382
0.582939
0.580323
0.475227
0.652181
0.747247
0.172303
0.321097
0.641983
0.702355
0.457621
0.303738
0.902313
0.777470
0.272000
0.589159
0.315895
0.749128
0.284601
0.796287
0.276740
1.156081
1.395823
1.056548
0.478426
0.354302
0.538298
0.704508
0.893271
0.591762
0.254499
0.433567
0.472237
0.762754
0.279819
0.370716
0.313599
0.082071
0.473601
0.213436
0.253360
0.276504
0.484632
0.472066
0.160021
0.301723
0.500671
0.243428
0.623761
0.269018
0.273551
0.858375
1.514472
0.595031
0.554272
0.507416
0.612369
0.824383
0.232839
0.673218
0.557236
0.483959
0.584869
0.441356
0.226851
0.599312
0.491843
0.574351
0.539244
0.124219
0.151059
0.583434
0.352070
0.705743
0.590012
0.442344
0.340812
0.433846
0.639730
0.354926
0.185586
0.138386
0.438518
0.927601
0.602205
0.856694
0.717471
0.409575
0.520222
0.245149
0.304023
1.013461
0.492985
0.226147
0.375666
0.493782
0.201426
0.604966
0.179411
0.704118
0.440340
0.200946
0.280103
0.594045
0.162557
0.331978
0.275058
0.499856
0.256333
0.311196
0.331078
0.291115
0.271965
0.156050
0.525228
0.159000
0.300904
0.330466
0.236165
0.227376
0.439874
0.081318
0.357363
0.499785
0.193370
0.411534
0.583575
0.560631
0.228048
0.440447
0.810580
0.535342
0.675609
0.112132
0.558657
0.137166
1.160895
0.443254
0.389162
0.254893
0.344736
0.242976
0.595148
0.066919
0.110766
0.432509
0.085740
0.425737
0.264781
0.518617
0.279947
0.332217
0.490780
0.539405
0.329696
0.303909
0.610549
0.780494
0.221148
0.617394
0.694038
0.755752
0.246569
0.447922
0.407362
0.591033
0.184653
0.756917
0.717802
0.495316
0.454119
0.435179
0.623565
0.593209
0.949999
0.525829
0.295459
0.206599
0.507966
0.330059
0.181836
0.775869
0.490174
0.648880
0.284034
0.138940
0.286849
0.214831
0.122119
0.468013
0.410281
0.664528
0.142316
0.404436
0.476216
0.904651
0.317555
0.513036
0.640443
0.352216
0.113193
0.607203
0.607765
0.782124
0.791044
0.393845
0.446740
0.907767
0.362234
0.499606
0.457426
0.505907
0.585733
0.361765
0.424231
0.269254
0.342701
0.092702
0.258358
0.639666
0.078199
0.134233
0.331695
0.224983
0.097950
0.332474
0.761257
0.413736
0.265323
0.147923
0.609725
0.485073
0.585450
0.175757
0.131420
0.602065
0.590746
0.242974
0.609247
0.705878
0.433898
0.192906
0.304952
0.725442
0.100410
0.615409
0.244613
0.524438
0.097457
0.471247
0.715452
0.407571
0.108801
0.298256
0.226277
0.419418
0.261406
0.189324
0.345564
0.361558
0.223262
0.161893
0.271316
0.081278
0.091831
0.122419
0.684980
0.601164
0.438598
0.541895
0.333607
0.496281
0.192227
0.331494
0.826564
0.406948
0.411656
0.276158
0.421224
0.239851
0.228970
0.240626
0.572961
0.271525
0.947192
0.315507
0.918188
0.158047
0.662274
0.496882
0.261692
0.075662
0.204486
0.244069
0.255836
0.093765
0.203023
0.545158
0.140676
0.241084
0.206928
0.061026
0.443145
0.112782
0.269636
0.349477
0.296121
0.396270
0.482660
0.296712
0.347024
0.435305
0.555357
0.149113
0.648444
0.118425
0.359523
0.849704
0.417385
0.247197
0.337005
0.276211
0.642805
0.413660
0.441964
0.390189
0.356277
0.064132
0.184161
0.426082
0.531303
0.059384
0.453245
0.185326
0.259055
0.119035
0.375546
0.446419
0.143885
0.227458
0.231020
0.516147
0.497203
0.243514
0.310675
0.225002
0.221457
0.337718
0.201589
0.482959
0.310384
0.443338
0.105240
0.531239
0.513873
0.406304
0.676565
0.355099
0.551462
0.413752
0.566743
0.250816
0.611675
0.117960
0.466570
0.235190
0.506787
0.073795
0.177304
0.243900
0.616264
0.250264
0.477299
0.227470
0.155559
0.132241
0.386727
0.070879
0.515747
0.203336
0.518242
0.158121
0.077965
0.372340
0.261585
0.146862
0.281568
0.190551
0.084416
0.112250
0.317217
0.248974
0.434180
0.583986
0.357752
0.423567
0.277918
0.453299
0.456065
0.471765
0.254375
0.212553
0.415106
0.081526
0.217514
0.384436
0.216507
0.089261
0.998262
0.285087
0.156314
0.420475
0.356844
0.417179
0.195957
0.337207
0.105141
0.067347
0.268627
0.304763
0.429508
0.382500
0.161223
0.110535
0.321303
0.401015
0.796861
0.470813
0.623453
0.425321
0.360678
0.211151
0.190733
0.291323
0.465824
0.640109
0.422417
0.356293
0.103025
0.395574
0.128024
0.454291
0.290019
0.248411
0.498604
0.625058
0.236355
0.269265
0.249905
0.217358
0.250830
0.433308
0.949110
0.155077
0.231381
0.322336
0.216593
0.320767
0.297736
0.512173
0.445002
0.156951
0.183190
0.204021
0.401797
0.428835
0.321784
0.618878
0.090168
0.604440
0.558519
0.060537
0.650857
0.416862
0.282493
0.211329
0.122071
0.187469
0.408288
0.097358
0.567123
0.149329
0.122841
0.496029
0.394188
0.145260
0.198568
0.439740
0.347687
0.199964
0.220841
0.257708
0.146653
0.255073
0.119749
0.287448
0.854339
0.304335
0.176756
0.257637
0.153289
0.369426
0.200547
0.131009
0.186995
0.159707
0.722139
0.138827
0.703846
0.099835
0.384368
0.428685
0.497289
0.174323
0.158173
0.320330
0.227290
0.388260
0.639785
0.511191
0.357989
0.180027
0.856389
0.362863
0.181058
0.082171
0.054967
0.350505
0.188690
0.122765
0.075685
0.111346
0.285052
0.104498
0.160245
0.232225
0.137738
0.262337
0.627396
0.200796
0.409097
0.469213
0.284331
0.551321
0.417491
0.232160
0.215606
0.134590
0.346517
0.202982
0.343598
0.058924
0.458177
0.076035
0.044613
0.171330
0.078689
0.318930
0.129423
0.297169
0.445377
0.396231
0.186020
0.344401
0.492442
0.233996
0.219093
0.261873
0.194099
0.091851
0.103352
0.101570
0.048681
0.143864
0.394970
0.287614
0.580349
0.156445
0.102644
0.143178
0.230614
0.246855
0.188900
0.215446
0.412859
0.204858
0.215498
0.315318
0.078652
0.290806
0.436940
0.206735
0.213154
0.266390
0.255841
0.367187
0.215173
0.225442
0.076606
0.455402
0.280619
0.142330
0.238546
0.332291
0.260587
0.145839
0.154987
0.385305
0.268215
0.231919
0.282668
0.286704
0.080457
0.247803
0.429280
0.223546
0.265507
0.340496
0.484553
0.527171
0.401626
0.036542
0.187960
0.417339
0.168967
0.037714
0.335714
0.076020
0.426793
0.130012
0.057173
0.320673
0.282873
0.143687
0.077158
0.193094
0.304894
0.463276
0.299729
0.335625
0.632578
0.102974
0.093845
0.120827
0.268192
0.184483
0.409088
0.578031
0.193062
0.416715
0.325514
0.325182
0.288767
0.195936
0.135297
0.345207
0.417756
0.458162
0.074775
0.055535
0.049421
0.510895
0.219299
0.175245
0.106071
0.063681
0.126372
0.025556
0.238602
0.055237
0.414416
0.180598
0.044604
0.159795
0.450991
0.065121
0.217214
0.417716
0.207603
0.544811
0.431956
0.584141
0.271536
0.695288
0.064756
0.418583
0.313027
0.093004
0.031215
0.260344
0.314731
0.309228
0.315164
0.267981
0.324399
0.062080
0.080905
0.148627
0.267573
0.080393
0.308788
0.053032
0.238239
0.086627
0.099295
0.047654
0.276358
0.156811
0.327229
0.152348
0.230559
0.279798
0.055663
0.278397
0.380404
0.094647
0.053977
0.307234
0.287112
0.093334
0.113027
0.637678
0.485281
0.561834
0.350898
0.249433
0.374071
0.168643
0.535572
0.166724
0.355012
0.152060
0.540325
0.377903
0.152941
0.202289
0.186560
0.571623
0.448009
0.563774
0.212558
0.183064
0.113673
0.113718
0.190049
0.477261
0.408229
0.432227
0.295702
0.351904
0.407936
0.087282
0.367317
0.171710
0.086638
0.046098
0.291885
0.151409
0.225069
0.610607
0.532889
0.265424
0.492248
0.317331
0.274575
0.380937
0.153815
0.104067
0.420740
0.287783
0.275964
0.198368
0.330866
0.075904
0.056292
0.175086
0.092452
0.190143
0.089614
0.043867
0.705255
0.069803
0.068112
0.232645
0.080521
0.358997
0.348489
0.402572
0.162766
0.179803
0.074356
0.030631
0.295346
0.101253
0.134154
0.442791
0.278242
0.113815
0.074682
0.318384
0.180501
0.164251
0.111669
0.541140
0.881704
0.105752
0.251363
0.366011
0.115825
0.137467
0.451991
0.053934
0.190709
0.357823
0.086567
0.059853
0.165712
0.092785
0.424484
0.136133
0.155347
0.134027
0.212211
0.219026
0.056980
0.185265
0.077926
0.060980
0.250931
0.240202
0.387715
0.157558
0.137968
0.152051
0.334138
0.574550
0.173791
0.103094
0.227496
0.305592
0.062648
0.125771
0.226467
0.151518
0.298858
0.170651
0.197782
0.293082
0.146205
0.162446
0.078213
0.143958
0.211691
0.354005
0.137016
0.278735
0.537325
0.028477
0.536373
0.330195
0.638461
0.200165
0.041252
0.085110
0.303624
0.069033
0.246846
0.237214
0.087902
0.215582
0.152845
0.026937
0.454354
0.093307
0.348329
0.284887
0.306123
0.169336
0.146779
0.425859
0.037835
0.082556
0.043189
0.167771
0.032958
0.095111
0.049325
0.181209
0.132916
0.067612
0.325389
0.116203
0.043573
0.072089
0.094262
0.177898
0.125047
0.108926
0.180191
0.097288
0.245633
0.103108
0.127185
0.372678
0.266205
0.089576
0.224961
0.470333
0.065358
0.260905
0.190907
0.359088
0.336858
0.169289
0.389358
0.305677
0.063274
0.054996
0.324852
0.247437
0.188020
0.186650
0.044633
0.101235
0.060963
0.029798
0.157101
0.055253
0.380967
0.057094
0.111175
0.393668
0.084222
0.324151
0.142041
0.116351
0.301841
0.196517
0.077569
0.238015
0.285842
0.127637
0.233431
0.075468
0.074254
0.346232
0.287113
0.182987
0.225087
0.580412
0.376695
0.174235
0.724006
0.169049
0.409754
0.255646
0.232686
0.458737
0.210004
0.047975
0.202733
0.104162
0.063535
0.152324
0.143899
0.180268
0.099559
0.037533
0.571730
0.169512
0.038393
0.101559
0.101647
0.213468
0.075135
0.151233
0.041972
0.465196
0.090222
0.147138
0.208089
0.395585
0.247338
0.141509
0.188092
0.195504
0.138380
0.219216
0.170049
0.523503
0.274319
0.102622
0.034521
0.065614
0.106229
0.091388
0.044673
0.116335
0.051624
0.299245
0.060772
0.329598
0.083094
0.044691
0.288984
0.042103
0.280644
0.117114
0.121749
0.093357
0.352535
0.183432
0.233732
0.533227
0.028791
0.459562
0.170854
0.067408
0.239416
0.228216
0.074663
0.433553
0.312966
0.357500
0.108385
0.204422
0.435271
0.179410
0.106098
0.091928
0.057897
0.182143
0.102321
0.271041
0.147360
0.156283
0.065261
0.289294
0.065168
0.068012
0.109099
0.397169
0.162924
0.201418
0.240770
0.202093
0.196661
0.231282
0.212647
0.610304
0.174000
0.133847
0.256202
0.221155
0.070220
0.233303
0.359212
0.239646
0.257247
0.052007
0.342809
0.236389
0.361200
0.094322
0.089454
0.052695
0.282180
0.248426
0.269814
0.238238
0.053863
0.369976
0.171404
0.164833
0.074536
0.031428
0.063297
0.030242
0.338146
0.056975
0.216712
0.206514
0.092607
0.037453
0.205050
0.041610
0.527016
0.093163
0.129893
0.197392
0.308999
0.355441
0.328495
0.142479
0.241487
0.163262
0.165864
0.121826
0.258972
0.123402
0.155844
0.646557
0.093637
0.053263
0.187020
0.040306
0.036910
0.172992
0.160670
0.043015
0.094116
0.162103
0.040849
0.050931
0.367419
0.283622
0.102271
0.300377
0.084392
0.209793
0.229947
0.466224
0.161259
0.058699
0.392024
0.426578
0.227724
0.424862
0.126038
0.057364
0.225837
0.224802
0.142337
0.180002
0.091716
0.290867
0.239096
0.057962
0.250323
0.245849
0.144457
0.414424
0.306128
0.135806
0.069682
0.117158
0.198962
0.045140
0.305184
0.380954
0.115483
0.210207
0.096927
0.339825
0.088985
0.643657
0.303487
0.112568
0.051514
0.260219
0.288914
0.063516
0.197454
0.160849
0.315645
0.357236
0.231278
0.138999
0.054650
0.148259
0.039812
0.103472
0.168001
0.104213
0.093731
0.075041
0.240865
0.074943
0.357564
0.340430
0.095718
0.154236
0.031326
0.138702
0.157904
0.031579
0.180554
0.201043
0.249783
0.135118
0.349477
0.116781
0.137678
0.114159
0.100448
0.118280
0.595834
0.152575
0.255545
0.553650
0.151931
0.241816
0.053323
0.122979
0.132075
0.117752
0.231550
0.432712
0.322625
0.117967
0.394878
0.235449
0.112362
0.392983
0.021882
0.241683
0.148835
0.067994
0.214109
0.046514
0.116396
0.291544
0.044603
0.027676
0.050074
0.261526
0.195053
0.317599
0.205439
0.115827
0.229991
0.103138
0.424760
0.159701
0.081831
0.266801
0.449362
0.243914
0.190621
0.065187
0.105903
0.291355
0.147938
0.382604
0.126187
0.161034
0.099019
0.346909
0.114768
0.390368
0.054034
0.056012
0.052576
0.026352
0.055621
0.196927
0.038808
0.170350
0.174685
0.122325
0.168728
0.064853
0.032947
0.157428
0.081685
0.072733
0.026990
0.052048
0.175140
0.045389
0.173214
0.130282
0.214356
0.100198
0.208402
0.144783
0.031089
0.098383
0.051365
0.169525
0.051791
0.110440
0.154483
0.212711
0.127124
0.169131
0.082542
0.035107
0.218152
0.201144
0.261465
0.293522
0.084634
0.054190
0.061703
0.046761
0.056239
0.362456
0.060799
0.243630
0.047788
0.092609
0.228719
0.081675
0.072319
0.074396
0.399477
0.073305
0.042190
0.131594
0.353383
0.225255
0.073745
0.036711
0.212702
0.136489
0.224875
0.056866
0.144384
0.103255
0.504311
0.042629
0.119467
0.214145
0.054576
0.196695
0.106716
0.224449
0.169967
0.042978
0.117564
0.072833
0.118220
0.041393
0.188617
0.361037
0.361950
0.199595
0.145045
0.115796
0.030095
0.337341
0.092520
0.056030
0.186630
0.029781
0.100494
0.179024
0.174619
0.223231
0.195474
0.349708
0.079689
0.456154
0.036730
0.144821
0.060010
0.153934
0.410121
0.154799
0.109726
0.033047
0.234405
0.187116
0.095977
0.040255
0.109592
0.066883
0.122362
0.082675
0.091714
0.045985
0.173912
0.177491
0.222472
0.067453
0.241208
0.105393
0.091566
0.133988
0.220415
0.113955
0.071413
0.051735
0.147454
0.384803
0.166916
0.212073
0.058400
0.054618
0.435433
0.134599
0.061808
0.064981
0.499016
0.556351
0.092908
0.273002
0.031563
0.177706
0.089054
0.051407
0.123060
0.164012
0.091252
0.055111
0.151048
0.087339
0.044677
0.058735
0.072767
0.097025
0.114566
0.258521
0.103466
0.245934
0.229561
0.503214
0.063549
0.145654
0.092002
0.357098
0.329993
0.176781
0.033951
0.075398
0.028447
0.073661
0.069781
0.094579
0.107812
0.079758
0.315302
0.225116
0.027712
0.229226
0.538515
0.402940
0.191775
0.066975
0.203769
0.163863
0.103956
0.236018
0.156183
0.146289
0.113960
0.039172
0.082204
0.101950
0.042853
0.157241
0.109062
0.688743
0.144464
0.136326
0.093024
0.070116
0.067935
0.107419
0.073211
0.043367
0.521905
0.032237
0.242262
0.057805
0.224394
0.180301
0.047032
0.037925
0.151780
0.046315
0.198888
0.073280
0.025924
0.131707
0.047919
0.022324
0.335997
0.101857
0.116795
0.227604
0.172128
0.039890
0.136179
0.666167
0.102935
0.060914
0.282155
0.034424
0.047395
0.041766
0.076330
0.047428
0.188486
0.223056
0.205533
0.271030
0.167046
0.113378
0.108146
0.390341
0.066591
0.157329
0.107012
0.077352
0.086918
0.096880
0.040456
0.026964
0.357925
0.186074
0.140708
0.046629
0.072775
0.069529
0.051494
0.062317
0.081891
0.246880
0.303826
0.104764
0.362731
0.041264
0.332355
0.039650
0.245918
0.106750
0.197524
0.089196
0.200859
0.024240
0.293168
0.132433
0.051406
0.107196
0.058546
0.047945
0.475200
0.238103
0.062077
0.085457
0.031549
0.205826
0.068715
0.212789
0.041151
0.107863
0.112519
0.166163
0.109249
0.039149
0.279257
0.350133
0.086309
0.493531
0.315174
0.189171
0.172550
0.034779
0.485862
0.056894
0.037036
0.056323
0.088945
0.139274
0.184795
0.202023
0.083049
0.117626
0.061902
0.311269
0.179772
0.117103
0.072992
0.068622
0.176954
0.067248
0.079715
0.083003
0.040899
0.054516
0.114799
0.040985
0.116594
0.123350
0.199040
0.101181
0.198317
0.201960
0.074577
0.125845
0.244625
0.352962
0.311079
0.050236
0.120163
0.026021
0.061321
0.037232
0.160881
0.022314
0.247391
0.083712
0.107721
0.353404
0.064174
0.173454
0.064606
0.144636
0.074795
0.216235
0.336118
0.133820
0.161350
0.168150
0.390012
0.123862
0.114615
0.060353
0.022297
0.046122
0.170616
0.168691
0.259625
0.032696
0.039061
0.018396
0.019662
0.021390
0.071266
0.076004
0.129152
0.152412
0.049357
0.033448
0.095184
0.043310
0.036292
0.057325
0.244440
0.257052
0.183361
0.262588
0.120654
0.260178
0.302695
0.121135
0.137151
0.040310
0.222019
0.083107
0.128960
0.039743
0.087770
0.151514
0.024036
0.027657
0.134998
0.038919
0.169346
0.037032
0.090031
0.091870
0.179320
0.084906
0.110617
0.048273
0.033601
0.034108
0.062289
0.105555
0.179260
0.190397
0.151052
0.244765
0.075665
0.055259
0.069735
0.095192
0.136402
1.023778
0.054312
0.088151
0.031534
0.085598
0.099176
0.030512
0.123403
0.260551
0.051226
0.090580
0.271746
0.026648
0.044742
0.120757
0.144616
0.075347
0.045479
0.125827
0.155420
0.029529
0.052982
0.047847
0.172768
0.023631
0.025398
0.161037
0.061916
0.207314
0.142116
0.306076
0.436232
0.071428
0.127280
0.049381
0.071700
0.091833
0.105718
0.242371
0.188781
0.188405
0.099471
0.061557
0.299932
0.154780
0.159867
0.089253
0.213293
0.090843
0.357847
0.040435
0.139043
0.096934
0.050743
0.525038
0.246652
0.107033
0.256974
0.033754
0.015193
0.022180
0.135667
0.219521
0.433799
0.292999
0.127242
0.062234
0.160672
0.038313
0.210443
0.088717
0.022655
0.317095
0.163293
0.162895
0.031128
0.131230
0.181222
0.032841
0.047663
0.461596
0.072016
0.117743
0.079821
0.114946
0.054746
0.060777
0.095990
0.320469
0.030868
0.020194
0.048662
0.049571
0.082626
0.078817
0.046852
0.024603
0.078018
0.191976
0.033898
0.192982
0.102385
0.133131
0.215372
0.036216
0.508412
0.216246
0.268500
0.034331
0.116478
0.070342
0.050697
0.034245
0.085171
0.094300
0.043510
0.296386
0.406652
0.153246
0.283885
0.039068
0.066078
0.263084
0.096446
0.174016
0.048343
0.113647
0.051974
0.018427
0.041072
0.052409
0.020511
0.033375
0.180216
0.471810
0.108514
0.038450
0.133487
0.225058
0.215090
0.080578
0.051712
0.031533
0.302942
0.029381
0.100932
0.066294
0.038279
0.104830
0.074533
0.028580
0.059782
0.239470
0.102429
0.254446
0.137239
0.055643
0.128128
0.643331
0.417563
0.027128
0.241687
0.050966
0.488434
0.042941
0.052234
0.065087
0.063208
0.130794
0.042106
0.106501
0.304537
0.084032
0.084970
0.357172
0.097571
0.073025
0.142696
0.080623
0.082056
0.093590
0.068673
0.082346
0.073141
0.067765
0.546076
0.289581
0.070453
0.071555
0.208208
0.051755
0.256851
0.223876
0.050323
0.045494
0.171931
0.049185
0.094157
0.290501
0.328273
0.032520
0.223650
0.179014
0.087002
0.073596
0.285208
0.137820
0.042907
0.019980
0.067141
0.018750
0.066598
0.043027
0.129066
0.142867
0.215361
0.044976
0.283139
1.236661
0.289131
0.245596
0.168485
0.046061
0.030821
0.023673
0.184107
0.263031
0.499389
0.063163
0.043147
0.052443
0.132835
0.089253
0.021010
0.163169
0.101217
0.051169
0.145296
0.094254
0.217584
0.022867
0.107232
0.186193
0.740298
0.079340
0.089165
0.133827
0.061324
0.067958
0.020628
0.032951
0.089312
0.066234
0.022346
0.311243
0.062917
0.041437
0.235341
0.029702
0.155697
0.200730
0.477888
0.083539
0.032054
0.176973
0.136086
0.153303
0.294784
0.049517
0.190814
0.070252
0.034496
0.201542
0.040279
0.118152
0.180192
0.042756
0.115198
0.029874
0.147137
0.160827
0.050802
0.145222
0.028564
0.099131
0.154482
0.065077
0.119958
0.027972
0.151919
0.265643
0.179540
0.084269
0.205970
0.044124
0.082903
0.100951
0.036908
0.148646
0.027215
0.386093
0.174915
0.176964
0.178256
0.029755
0.300072
0.061831
0.045743
0.055453
0.041244
0.027805
0.068298
0.109154
0.208697
0.037258
0.129165
0.066420
0.037111
0.306138
0.031321
0.156047
0.095311
0.211003
0.053446
0.260768
0.187991
0.048770
0.105684
0.072620
0.032227
0.035585
0.046362
0.057226
0.105998
0.050988
0.072599
0.161539
0.025718
0.061955
0.386029
0.044435
0.071332
0.081039
0.290673
0.250095
0.219075
0.051150
0.216689
0.329408
0.019815
0.136243
0.207814
0.062324
0.149960
0.103592
0.102332
0.182536
0.169043
0.042326
0.020378
0.019458
0.119902
0.044225
0.187545
0.113659
0.128911
0.188161
0.417979
0.154786
0.355176
0.031313
0.136932
0.177898
0.023523
0.055749
0.026368
0.092107
0.106272
0.038923
0.071510
0.106647
0.053028
0.055849
0.107019
0.109857
0.236289
0.032171
0.030240
0.042708
0.024826
0.039104
0.022437
0.194298
0.208708
0.032618
0.079302
0.033627
0.033689
0.030375
0.028511
0.029791
0.047236
0.054007
0.074729
0.856875
0.035709
0.060143
0.134810
0.040836
0.193988
0.053774
0.150748
0.062594
0.033956
0.173733
0.129579
0.115376
0.236470
0.035181
0.072258
0.027962
0.028295
0.222063
0.023159
0.086067
0.019412
0.027216
0.099228
0.040973
0.032364
0.023968
0.129725
0.148022
0.061198
0.051355
0.032627
0.198088
0.043055
0.146392
0.090573
0.172366
0.154731
0.079637
0.135189
0.033448
0.025379
0.156117
0.042693
0.158090
0.185128
0.240299
0.047058
0.099932
0.109141
0.115831
0.069122
0.049066
0.151571
0.018353
0.025752
0.039916
0.014303
0.026698
0.129854
0.123157
0.398678
0.017336
0.032641
0.221487
0.053095
0.413326
0.365808
0.220433
0.025627
0.026418
0.028155
0.275884
0.032421
0.024617
0.059225
0.085157
0.115948
0.200421
0.049874
0.558535
0.130956
0.251944
0.125927
0.041197
0.254629
0.405155
0.022949
0.022618
0.119462
0.016238
0.041261
0.050833
0.147209
0.435397
0.065807
0.059201
0.072963
0.024584
0.046336
0.042881
0.121499
0.028307
0.056906
0.036638
0.090830
0.113112
0.199038
0.218985
0.108210
0.028952
0.342223
0.019517
0.029686
0.073261
0.217617
0.124855
0.064393
0.115821
0.155418
0.509344
0.046400
0.049586
0.258592
0.043186
0.036957
0.091423
0.023341
0.162704
0.029793
0.134758
0.064456
0.041983
0.047062
0.062428
0.023824
0.050383
0.031753
0.031562
0.136518
0.032851
0.082758
0.034653
0.302886
0.152931
0.239898
0.037870
0.043654
0.279515
0.033116
0.160866
0.075913
0.284642
0.033626
0.316589
0.210205
0.109383
0.095535
0.197452
0.055951
0.093679
0.072597
0.049742
0.251402
0.052578
0.040339
0.097674
0.036748
0.060896
0.105204
0.076648
0.044050
0.090355
0.352838
0.082632
0.121875
0.112153
0.038219
0.042451
0.018565
0.056410
0.029202
0.054976
0.157415
0.112591
0.055175
0.032325
0.055071
0.140548
0.121205
0.204789
0.029768
0.052321
0.175934
0.055642
0.046306
0.263432
0.058574
0.159136
0.053778
0.031989
0.036397
0.116276
0.027899
0.029106
0.064721
0.042203
0.032082
0.146697
0.259562
0.037655
0.036801
0.073136
0.120705
0.072920
0.086656
0.215976
0.652926
0.114851
0.021052
0.020010
0.396830
0.119303
0.066413
0.104758
0.139877
0.118029
0.112994
0.024579
0.075275
0.020097
0.227313
0.019901
0.054942
0.041509
0.047840
0.123527
0.039056
0.026664
0.025687
0.035156
0.031470
0.022725
0.028274
0.051649
0.039398
0.125963
0.065258
0.064424
0.355780
0.035583
0.026482
0.234217
0.052845
0.285136
0.349192
0.048096
0.064905
0.219068
0.310878
0.186815
0.336597
0.160256
0.059159
0.028986
0.055403
0.061950
0.362040
0.038914
0.048231
0.030051
0.203969
0.043826
0.100135
0.049895
0.054148
0.012978
0.060900
0.042908
0.075721
0.122508
0.305275
0.095145
0.031520
0.058709
0.050410
0.024552
0.019973
0.042057
0.047016
0.075885
0.032739
0.081781
0.092144
0.019888
0.037522
0.024948
0.066195
0.115409
0.023588
0.128660
0.027991
0.162744
0.190079
0.222696
0.016256
0.090790
0.067109
0.138133
0.137463
0.034486
0.123494
0.104853
0.207121
0.028101
0.053891
0.021671
0.066083
0.022533
0.051825
0.070452
0.016139
0.217363
0.067702
0.019782
0.071734
0.029306
0.128748
0.080867
0.136311
0.181726
0.055679
0.026885
0.218022
0.024311
0.055873
0.067625
0.102794
0.224158
0.104391
0.107353
0.074297
0.071658
0.157493
0.156447
0.045840
0.023835
0.092226
0.237896
0.041163
0.102504
0.064593
0.027282
0.027565
0.019421
0.031265
0.111991
0.112890
0.280081
0.029152
0.034049
0.027209
0.125081
0.076200
0.046066
0.033918
0.037729
0.447416
0.167733
0.075636
0.034530
0.301968
0.033177
0.265233
0.064314
0.024769
0.040629
0.023434
0.154738
0.017657
0.502559
0.026717
0.053748
0.043701
0.389021
0.042183
0.038286
0.183169
0.049918
0.095437
0.018595
0.031598
0.185775
0.052624
0.068441
0.033339
0.021943
0.260129
0.048407
0.063125
0.043765
0.028841
0.023321
0.096241
0.024610
0.424830
0.039397
0.017918
0.171528
0.084613
0.405982
0.042552
0.039181
0.090552
0.130591
0.016704
0.020296
0.103236
0.032329
0.348413
0.139909
0.093952
0.028114
0.058900
0.022780
0.077681
0.062329
0.124528
0.082292
0.204620
0.035828
0.108485
0.138595
0.196026
0.035833
0.044147
0.108424
0.031161
0.175027
0.302001
0.056177
0.051131
0.029612
0.127133
0.026894
0.061516
0.019903
0.058028
0.068305
0.038408
0.115354
0.051480
0.071022
0.208441
0.181083
0.038824
0.027401
0.043596
0.029296
0.079296
0.195068
0.026622
0.120430
0.042476
0.080878
0.138520
0.014551
0.104737
0.055196
0.064097
0.189800
0.100937
0.069299
0.029761
0.025317
0.085758
0.075758
0.062395
0.025425
0.043488
0.037840
0.029996
0.187321
0.038482
0.122628
0.014225
0.163128
0.033531
0.059269
0.040584
0.044803
0.028699
0.133481
0.084592
0.060874
0.102085
0.027789
0.039462
0.124778
0.025280
0.032953
0.019832
0.080666
0.016157
0.039256
0.086607
0.166661
0.021688
0.112976
0.265999
0.204588
0.086585
0.085908
0.030073
0.057346
0.023866
0.115762
0.284796
0.039409
0.135410
0.028510
0.162613
0.018928
0.020371
0.256571
0.065601
0.029425
0.021860
0.043248
0.086639
0.472138
0.052947
0.134902
0.060086
