17.253101
17.231508
17.220863
17.225334
17.090683
17.271381
17.239105
17.189386
16.946835
17.319016
16.946217
17.178953
17.374731
17.114901
17.093733
16.938332
17.110439
16.932026
17.137430
17.035498
17.070744
16.991304
16.853508
17.108383
17.175400
17.046572
16.970398
16.936785
17.147377
17.097086
17.071253
17.039705
16.959637
16.836287
16.994003
17.010807
17.175934
16.840836
16.746309
16.910963
16.882315
16.889055
17.055073
16.806494
16.721409
16.700674
17.123913
16.821800
16.981514
17.017483
16.562292
16.752201
16.823431
16.995729
16.795582
16.839266
16.801176
16.946674
16.639038
16.763147
16.898512
16.658648
16.828346
16.896711
16.554224
16.683714
16.763285
16.807211
16.662273
16.690121
16.666948
16.929295
16.527824
16.580418
16.679268
16.543989
16.376162
16.601547
16.644379
16.346210
16.930662
16.465673
16.654331
16.684839
16.451328
16.649090
16.358486
16.549864
16.528400
16.391022
16.390633
16.552217
16.409325
16.496286
16.430386
16.459286
16.734543
16.385225
16.171978
16.323963
16.349821
16.314892
16.829594
16.036743
16.565910
16.322029
16.327826
16.256239
16.373190
16.502468
16.307308
16.134773
16.156254
16.414667
16.466311
16.092005
16.291039
16.190832
16.360958
16.505568
16.443693
16.333256
16.175888
16.129213
16.102682
16.318529
16.170008
16.044817
16.223381
16.171642
16.306450
16.377325
16.183958
16.137911
16.303202
15.906642
16.014801
16.183235
16.171581
16.236763
16.422022
16.211979
16.116613
16.169025
15.972820
16.101515
16.420479
15.806228
16.047812
15.664507
15.695371
15.602438
15.807614
15.977922
15.712746
15.850806
16.000753
15.823193
15.938482
15.733863
15.972274
15.893744
15.867555
15.746604
15.853601
15.603418
15.993231
15.466218
15.815853
15.285307
15.695644
15.557563
15.592910
15.723909
15.327415
15.614580
15.628389
15.512239
15.481604
15.366718
15.357163
15.561295
15.591229
15.631269
15.347466
15.477345
15.441107
15.459571
15.689612
14.954836
14.858135
15.322124
15.461708
15.338232
15.009213
15.335665
14.738048
14.894981
15.185093
15.076581
15.587893
14.980124
15.017175
15.008114
14.986021
14.970371
15.075882
14.828422
14.503541
15.206675
14.750293
14.601106
14.773973
14.964644
14.742580
14.456959
14.795965
14.080307
14.501657
14.454335
14.164478
14.651899
14.211720
14.074295
14.304283
14.244064
13.802205
14.498870
14.106962
13.684985
14.273129
14.096960
14.066681
14.430281
14.205280
13.626809
13.550933
13.451457
13.751420
13.402375
13.437136
13.020096
13.482818
13.262225
13.162602
12.727433
13.710905
13.391138
12.626889
13.510097
13.088107
13.316810
13.376819
13.310506
12.852153
13.344810
12.817266
13.329668
13.205983
12.138410
12.159320
11.516376
11.990734
11.951847
12.135300
11.740289
12.530611
12.030799
11.758833
11.957994
12.006907
11.869265
11.983522
11.347380
11.602365
11.309086
12.233709
11.451865
11.766226
11.174436
11.247028
11.433542
11.805295
10.354349
11.002488
10.191551
11.014709
10.850743
11.516196
11.068878
10.113158
11.055340
10.791777
11.272056
10.351569
11.262718
10.071259
9.263276
9.723819
9.533070
10.130196
9.530597
9.494216
9.324538
9.892655
9.566716
9.448069
8.249895
8.611189
9.457172
9.669258
8.994121
8.937847
9.694613
8.821720
9.088684
8.903249
8.744811
8.588696
9.436636
9.647247
9.145720
8.545741
8.752737
8.390298
8.725774
7.962187
8.151848
7.878406
8.360580
8.608399
9.782794
7.730848
8.194574
6.720108
7.773710
6.749048
7.437487
8.808945
7.240782
7.980612
6.920665
6.660026
7.460561
7.248207
7.085708
7.756966
6.553538
6.962132
7.521655
6.934337
6.592757
7.813780
6.782352
7.126360
5.792590
6.700364
6.604269
6.223797
6.373625
7.096472
5.520547
7.165380
6.625082
6.218320
7.703780
5.984850
5.465476
6.257673
6.994067
4.378838
5.601334
6.223357
5.323691
4.741669
4.242203
4.978614
5.630934
4.768599
5.023658
5.550569
5.570739
6.905439
5.045482
5.768903
5.676548
5.098275
5.841889
3.900334
5.528937
4.080258
6.028153
4.615471
4.405967
5.242924
5.031783
5.588410
4.036221
4.792858
4.298012
5.868090
4.188476
6.521640
4.283369
5.219036
5.377301
5.160222
3.889226
3.519163
4.235178
3.903265
4.640219
3.981251
3.638018
3.499576
3.809658
3.435351
3.850816
3.955711
4.987706
2.771809
3.296374
3.167578
4.147521
3.154703
4.568160
3.927308
3.438680
2.585327
4.193440
5.063398
4.052663
4.143340
3.351030
4.397550
3.800162
4.513221
4.152613
4.076118
3.795512
3.923743
3.274215
3.089926
3.108400
2.453499
2.960706
3.176159
3.278716
2.410955
3.117903
3.005935
2.521289
2.903786
2.781233
2.470967
2.646653
2.439946
2.074969
2.888164
3.089741
3.048588
3.636818
3.510677
3.213518
2.468263
2.285783
3.529851
3.022019
3.160688
3.005670
2.931911
2.924843
2.605867
3.009120
2.401770
2.678362
2.577522
3.183205
2.833179
2.761640
2.952374
2.059412
1.465352
1.791546
2.227135
2.339410
2.065712
2.431683
2.235986
2.566420
1.968326
2.231322
2.625975
2.446614
1.780688
2.693698
1.793664
2.182828
2.207583
2.500778
2.553746
2.525804
2.077553
1.964822
1.853308
1.936842
1.933309
2.117453
2.245713
2.976741
2.935776
2.207116
2.700823
3.210223
2.119479
1.953065
1.348114
2.334927
1.067454
2.145569
1.054081
1.248124
1.378132
0.800914
2.028969
1.732278
1.664018
1.137227
1.110060
1.487900
1.376520
1.700973
2.261595
1.486685
1.390024
2.108315
2.413267
1.764790
1.931885
2.247937
1.651386
1.791721
1.860022
1.216400
1.487351
1.978943
1.682181
1.673546
1.311663
1.669079
1.725673
1.191270
1.354441
1.686865
2.049523
1.540793
1.543224
0.535761
1.135724
1.265347
0.753585
1.133940
1.787262
1.073622
1.207197
1.167177
0.931029
1.245317
1.034129
1.478043
1.058506
1.255470
1.366572
1.096205
1.126363
1.964761
1.771783
1.648872
1.361419
1.860072
1.656726
1.907184
1.335896
1.138399
1.437929
1.900369
2.004059
1.042425
0.924073
1.147672
1.475273
2.374897
1.245651
1.006766
1.072076
1.037151
1.387417
0.391956
0.787324
0.980978
1.074981
0.678956
0.848948
1.123054
0.670351
0.895942
0.862961
1.499514
1.751584
1.329385
1.378312
1.276769
0.947615
1.063297
0.907013
0.547241
1.163546
0.886885
1.155308
1.492418
1.177262
1.218263
1.207200
0.835385
1.322113
1.133304
0.552534
1.215877
0.851870
1.083602
0.994669
0.903581
0.871276
0.241544
0.705804
1.052916
0.555767
0.946746
1.152075
0.709429
0.478583
0.646699
0.979211
0.451710
0.489367
0.834892
0.680001
0.585445
0.926722
0.749774
0.678242
0.514347
1.022770
0.494245
0.517539
1.976490
0.971545
0.967873
0.621568
1.023160
1.044794
0.887055
1.547512
1.103090
0.613580
1.102647
0.485550
0.553771
0.597361
0.878356
0.486200
0.562478
0.582747
0.852823
0.452340
0.637514
0.305987
0.993974
0.514361
0.619435
0.361487
0.568847
0.359444
0.310766
0.828969
1.062553
0.471505
0.664248
0.367800
1.393892
0.384222
0.653830
0.466919
0.482450
0.943449
1.090133
0.618686
0.541531
0.517143
0.729694
0.527301
1.542756
0.616363
0.353262
0.358179
0.556618
0.361676
0.398743
0.670857
0.685737
0.262428
0.789549
0.573833
0.419530
0.423612
0.567354
0.369705
0.232871
0.589144
0.521357
0.509013
0.581447
0.557280
0.453737
0.241958
0.677002
0.228686
0.374014
0.391292
0.724832
1.024251
0.374149
0.743991
0.497724
0.301200
0.769869
0.927756
0.834281
1.086851
0.788156
0.374893
0.382684
0.370369
0.343304
0.417216
0.209066
0.545066
0.260840
0.368988
0.300621
0.234261
0.637895
0.325405
0.364782
0.831420
0.444050
0.232153
0.270978
0.364878
0.685780
0.410777
0.591986
0.297987
0.375389
0.715250
1.142963
1.335652
1.063415
0.295493
0.684417
0.169188
0.684787
0.623422
0.352971
0.804334
0.530686
0.503671
0.111349
0.403510
0.491959
0.476122
0.394296
0.351659
0.349780
0.211124
0.262418
0.572566
0.262365
0.813320
0.732545
0.504252
0.356831
0.874273
0.678994
0.626994
0.434892
0.576201
0.817230
0.485902
0.225197
0.436364
0.547924
0.391528
0.423328
0.864906
0.186334
0.325349
0.435079
0.311628
0.570747
1.007399
0.486478
0.594445
0.598507
0.136176
0.304423
0.234601
0.254291
0.332477
0.347901
0.620329
0.070898
0.260992
0.204780
0.434101
0.285215
0.401492
0.374277
0.257446
0.414239
0.755805
0.359319
0.459037
0.425369
0.262669
1.064853
0.374054
0.341419
0.461946
0.413601
0.499430
0.527254
0.446079
0.853250
0.361525
0.439555
0.360564
0.586262
0.373182
0.643986
0.544452
0.570433
0.241547
0.131809
0.208888
0.211531
0.443604
0.438024
0.273909
0.181856
0.150185
0.131698
0.339054
0.384835
0.226544
0.262688
0.126734
0.240709
0.426700
0.566385
0.486363
0.279733
0.327658
0.402293
0.329519
0.215883
0.458266
0.428609
0.640896
0.285062
0.351507
0.567206
0.829634
0.305474
0.441952
0.412668
0.510495
0.405701
0.137564
0.328063
0.139479
0.051619
0.428063
0.244746
0.451134
0.174420
0.317620
0.149421
0.187965
0.083493
0.298830
0.138272
0.119782
0.407069
0.409723
0.229419
0.367952
0.345409
0.522364
0.596918
0.500776
0.351079
0.260451
0.108796
0.236712
0.436587
0.467679
0.166148
0.432704
0.240375
0.180322
0.420914
0.359690
0.283541
0.587095
0.307369
0.072703
0.159663
0.239781
0.239853
0.106413
0.081987
0.152331
0.334960
0.490303
0.444656
0.526955
0.341438
0.239350
0.272117
0.169433
0.159019
0.344519
0.429464
0.526881
0.477838
0.221547
0.137607
0.125774
0.445549
0.261677
0.149744
0.384418
0.461128
0.402816
0.159470
0.213067
0.353696
0.437964
0.675844
0.431172
0.513153
0.121705
0.251419
0.103565
0.164247
0.127745
0.236165
0.255236
0.173010
0.501830
0.105408
0.295832
0.686892
0.379280
0.203033
0.325120
0.199201
0.145135
0.351311
0.313290
0.380223
0.270833
0.162159
0.202105
0.134897
0.549520
0.450897
0.552121
0.462465
0.224644
0.252151
0.136844
0.163892
0.250453
0.256792
0.319697
0.260161
0.309595
0.198082
0.147049
0.280387
0.194550
0.104773
0.144603
0.099211
0.236289
0.126781
0.194349
0.300904
0.174241
0.155725
0.137405
0.141747
0.242006
0.428797
0.265136
0.257293
0.190169
0.481195
0.239019
0.334672
0.100165
0.576221
0.223669
0.122086
0.386826
0.411548
0.297274
0.260714
0.364153
0.154783
0.200838
0.484398
0.640122
0.264856
0.182300
0.243686
0.238195
0.217440
0.078988
0.289716
0.101004
0.168784
0.098446
0.135104
0.470110
0.193474
0.291425
0.113864
0.150858
0.239309
0.226163
0.203977
0.369385
0.322865
0.265526
0.179519
0.685907
0.231824
0.367297
0.108134
0.274805
0.392693
0.155342
0.191582
0.125934
0.185661
0.209106
0.652987
0.370631
0.354458
0.235603
0.118033
0.212297
0.211781
0.127529
0.162604
0.134287
0.192078
0.091008
0.243885
0.248636
0.421644
0.231930
0.266718
0.284760
0.190570
0.080188
0.216412
0.069279
0.267505
0.209698
0.202136
0.254867
0.215714
0.484601
0.176797
0.280775
0.286190
0.558434
0.354377
0.308166
0.224925
0.161910
0.845854
0.351567
0.321176
0.122788
0.458950
0.232517
0.192100
0.116391
0.239058
0.118304
0.118843
0.216331
0.072697
0.165335
0.321824
0.285484
0.129019
0.247233
0.106286
0.122659
0.083555
0.340878
0.088993
0.282199
0.129439
0.128755
0.087508
0.179226
0.264973
0.141135
0.196688
0.251923
0.439613
0.121939
0.141305
0.287700
0.253357
0.103862
0.213477
0.172702
0.146532
0.105454
0.268587
0.130168
0.241647
0.279677
0.251399
0.111120
0.191843
0.367187
0.288540
0.298939
0.161717
0.078948
0.119014
0.391013
0.135611
0.193635
0.158231
0.063939
0.188343
0.155779
0.388044
0.159770
0.336338
0.050505
0.214830
0.207985
0.193583
0.421674
0.324989
0.411881
0.167280
0.105124
0.111372
0.117686
0.312626
0.310844
0.157104
0.205824
0.258513
0.109176
0.049105
0.155619
0.257039
0.203972
0.446844
0.154464
0.637839
0.163084
0.210362
0.294365
0.401579
0.362566
0.176188
0.250927
0.475989
0.636999
0.123370
0.265773
0.203895
0.250487
0.211779
0.172080
0.204387
0.286216
0.109491
0.295521
0.107588
0.166764
0.075847
0.047350
0.269166
0.098017
0.322913
0.278071
0.185217
0.038080
0.142069
0.169348
0.046272
0.283629
0.114802
0.046658
0.178186
0.089328
0.379299
0.330848
0.255149
0.144864
0.162532
0.254746
0.154635
0.349053
0.104680
0.076277
0.050262
0.367272
0.219667
0.083666
0.072693
0.235726
0.177134
0.379508
0.061589
0.197974
0.257641
0.212921
0.510291
0.108111
0.158878
0.124284
0.317871
0.044247
0.150143
0.189325
0.100608
0.442824
0.209806
0.139569
0.090238
0.095714
0.136487
0.393551
0.044301
0.111469
0.271887
0.277333
0.119442
0.145133
0.084770
0.093895
0.113599
0.318014
0.101924
0.259032
0.317859
0.308946
0.146411
0.054374
0.110527
0.114977
0.294045
0.078075
0.317908
0.363396
0.176039
0.379611
0.236248
0.226667
0.185797
0.063762
0.148643
0.194944
0.045478
0.389591
0.090513
0.069336
0.069946
0.073285
0.143184
0.091001
0.070654
0.223824
0.155760
0.102282
0.531900
0.066162
0.312769
0.109371
0.054347
0.219361
0.083859
0.285586
0.402455
0.496225
0.080131
0.144193
0.101548
0.365086
0.366849
0.220128
0.216714
0.104761
0.311473
0.109765
0.107944
0.159508
0.337784
0.271782
0.091592
0.033168
0.046635
0.065559
0.105852
0.243029
0.098152
0.121950
0.110377
0.331562
0.077449
0.149208
0.504895
0.183496
0.315714
0.310014
0.074846
0.096744
0.440470
0.145833
0.376122
0.604072
0.053780
0.071346
0.063451
0.191779
0.252398
0.294417
0.072610
0.326654
0.079335
0.270767
0.129206
0.667722
0.091161
0.240126
0.042661
0.053552
0.275606
0.114325
0.164293
0.178162
0.069760
0.141187
0.217782
0.243115
0.219220
0.107062
0.206345
0.186845
0.068616
0.345368
0.116393
0.279386
0.421219
0.240485
0.490079
0.086365
0.164134
0.062911
0.525803
0.387583
0.218885
0.225789
0.169726
0.198635
0.236307
0.127967
0.628305
0.188495
0.330039
0.095861
0.094749
0.113774
0.071915
0.197795
0.130661
0.054771
0.051460
0.060372
0.203647
0.214957
0.284824
0.170638
0.102799
0.116022
0.150363
0.199153
0.086523
0.195867
0.115524
0.258830
0.626585
0.087525
0.267608
0.361385
0.132448
0.128047
0.090235
0.106807
0.251953
0.096609
0.134093
0.308312
0.217922
0.249139
0.431544
0.024333
0.059756
0.039685
0.071649
0.045092
0.053621
0.065429
0.130513
0.115194
0.094555
0.021911
0.086808
0.034281
0.054804
0.046068
0.077403
0.072760
0.190303
0.036936
0.134609
0.036208
0.061610
0.341529
0.300067
0.172303
0.086750
0.229352
0.320053
0.219001
0.296453
0.238638
0.323319
0.352791
0.292946
0.141700
0.428553
0.084103
0.138596
0.068477
0.089966
0.162268
0.084888
0.201049
0.035917
0.031548
0.076669
0.201795
0.031076
0.088043
0.083129
0.076908
0.086280
0.279747
0.089502
0.051935
0.113648
0.118679
0.070850
0.062685
0.358148
0.279627
0.152690
0.050809
0.131944
0.112508
0.302796
0.141422
0.050334
0.472835
0.201499
0.100197
0.296547
0.083156
0.197630
0.298567
0.092413
0.042554
0.095471
0.146184
0.055886
0.221208
0.200999
0.102583
0.187239
0.073249
0.040789
0.176740
0.148133
0.150432
0.128056
0.050232
0.216807
0.048871
0.222411
0.188381
0.174528
0.369074
0.074868
0.383796
0.338703
0.252562
0.236550
0.196861
0.138811
0.075819
0.165682
0.063728
0.276803
0.082703
0.169631
0.250139
0.092764
0.054088
0.208252
0.031672
0.090125
0.347421
0.179832
0.171727
0.210594
0.151910
0.076050
0.058715
0.030147
0.068628
0.034590
0.121129
0.068954
0.185147
0.071820
0.266714
0.346200
0.154440
0.201572
0.134216
0.113452
0.166461
0.067614
0.146689
0.335869
0.114701
0.398852
0.281320
0.168183
0.213250
0.630103
0.158923
0.790169
0.059707
0.078822
0.050255
0.130951
0.380916
0.151477
0.067610
0.236344
0.036290
0.214394
0.073404
0.357038
0.050363
0.083629
0.276334
0.138270
0.133798
0.168978
0.120072
0.317397
0.035215
0.295666
0.184258
0.230971
0.150672
0.092363
0.065356
0.081384
0.043379
0.148549
0.264207
0.135999
0.190090
0.069652
0.408019
0.183597
0.185298
0.161128
0.030746
0.031018
0.126137
0.031625
0.081447
0.049743
0.036120
0.042233
0.031115
0.029103
0.021746
0.067012
0.055065
0.186106
0.054559
0.033599
0.079866
0.243464
0.227953
0.077110
0.217437
0.092244
0.144198
0.122467
0.478917
0.364165
0.701366
0.173145
0.209901
0.227881
0.381495
0.124292
0.056798
0.131597
0.096240
0.097285
0.054314
0.303855
0.129787
0.048266
0.035406
0.088398
0.138114
0.246893
0.202967
0.122433
0.183830
0.083921
0.056111
0.063822
0.059684
0.197882
0.306826
0.034065
0.030442
0.145978
0.139790
0.089351
0.065868
0.134388
0.143706
0.041394
0.136877
0.057752
0.274387
0.338184
0.109015
0.167294
0.045822
0.053230
0.069956
0.140246
0.171158
0.158395
0.234092
0.076065
0.108491
0.243015
0.076653
0.051082
0.225105
0.123011
0.101124
0.035909
0.076562
0.095544
0.183715
0.145401
0.091255
0.146002
0.039082
0.112871
0.151570
0.299841
0.104448
0.166535
0.036913
0.121469
0.042252
0.122912
0.224737
0.082773
0.061489
0.298070
0.097390
0.075996
0.102506
0.038968
0.169009
0.163667
0.191236
0.050303
0.054728
0.180200
0.048896
0.100775
0.060241
0.048512
0.173740
0.364337
0.271147
0.074050
0.153864
0.197385
0.074678
0.032549
0.088327
0.055908
0.335550
0.122759
0.265038
0.150331
0.053047
0.251200
0.244710
0.183648
0.182341
0.123528
0.205344
0.117402
0.159621
0.147297
0.154973
0.044175
0.136044
0.069505
0.248932
0.071291
0.059032
0.030390
0.014002
0.056739
0.033067
0.223105
0.032085
0.057819
0.125565
0.028331
0.203441
0.051843
0.030195
0.050964
0.136890
0.069607
0.240728
0.162495
0.126061
0.094256
0.068486
0.210306
0.067620
0.198999
0.122741
0.145409
0.222559
0.056923
0.248482
0.043300
0.101642
0.163405
0.165846
0.118046
0.163527
0.408808
0.524026
0.170007
0.044783
0.031893
0.016988
0.056269
0.119079
0.019357
0.223799
0.061263
0.086846
0.150762
0.035236
0.043348
0.118657
0.034923
0.024499
0.085362
0.048452
0.039846
0.219863
0.093396
0.068484
0.262958
0.096293
0.046549
0.127493
0.296450
0.072924
0.587433
0.237103
0.266734
0.092738
0.151294
0.046637
0.111443
0.254096
0.033946
0.045833
0.034906
0.045684
0.053860
0.066862
0.110157
0.090015
0.082704
0.019132
0.023545
0.044459
0.167371
0.038031
0.040980
0.106359
0.085857
0.066844
0.469867
0.064316
0.184138
0.404282
0.248359
0.133972
0.250247
0.118394
0.216948
0.140875
0.070104
0.148115
0.101209
0.125543
0.073772
0.063312
0.130146
0.051313
0.053793
0.058760
0.056484
0.031226
0.250079
0.019187
0.242726
0.287378
0.041518
0.056431
0.032172
0.030644
0.046489
0.183388
0.031380
0.044183
0.098160
0.048061
0.274461
0.390588
0.044599
0.081687
0.126242
0.088011
0.413906
0.094435
0.151861
0.033127
0.267576
0.298063
0.134656
0.118565
0.133808
0.041354
0.298072
0.179060
0.321972
0.192803
0.078773
0.261520
0.021590
0.057656
0.113476
0.037138
0.088371
0.098908
0.045599
0.027467
0.049480
0.301382
0.020244
0.178320
0.036497
0.023555
0.056897
0.221103
0.058618
0.045604
0.026036
0.036620
0.218722
0.058689
0.035475
0.046429
0.099722
0.068621
0.108685
0.159540
0.080079
0.035498
0.267552
0.193415
0.046746
0.093544
0.210828
0.148457
0.119083
0.044447
0.047944
0.055920
0.112035
0.178088
0.394085
0.047574
0.086775
0.165786
0.230254
0.055201
0.063778
0.200619
0.046025
0.138560
0.094313
0.178962
0.048306
0.082319
0.121874
0.107682
0.177779
0.049990
0.057569
0.055568
0.041522
0.113168
0.276339
0.087398
0.035065
0.033360
0.115803
0.269692
0.120276
0.093520
0.195472
0.063756
0.030534
0.023929
0.045970
0.104040
0.022208
0.121532
0.022593
0.021040
0.076890
0.030595
0.024862
0.403768
0.060480
0.108257
0.019612
0.036901
0.186090
0.036619
0.026595
0.079052
0.052327
0.170612
0.054955
0.267409
0.192765
0.071011
0.053524
0.041448
0.412148
0.057641
0.275723
0.123358
0.117742
0.064132
0.183963
0.170202
0.167987
0.047898
0.045704
0.066090
0.091746
0.034625
0.087872
0.136102
0.061642
0.071259
0.098146
0.159765
0.094130
0.031962
0.085258
0.190134
0.235139
0.052995
0.069840
0.053073
0.179070
0.254050
0.108104
0.233763
0.058617
0.089913
0.051702
0.225856
0.047168
0.173974
0.047926
0.107000
0.302364
0.076505
0.436001
0.070507
0.234478
0.024305
0.087392
0.025086
0.073975
0.069520
0.046545
0.036862
0.035228
0.036894
0.320411
0.045907
0.073525
0.049255
0.235040
0.127380
0.057547
0.114095
0.034451
0.225236
0.340261
0.136259
0.114124
0.130581
0.145441
0.068995
0.177599
0.165275
0.100772
0.051063
0.395369
0.120823
0.022506
0.025568
0.103443
0.140379
0.121198
0.176687
0.020271
0.050154
0.025125
0.028852
0.255604
0.157086
0.224825
0.031762
0.027465
0.192138
0.108825
0.026378
0.023341
0.064599
0.054540
0.215965
0.039796
0.028207
0.143057
0.043868
0.049441
0.027136
0.454231
0.078099
0.179047
0.091831
0.117767
0.015873
0.036194
0.064071
0.132542
0.133977
0.025661
0.051681
0.032131
0.075533
0.166342
0.061781
0.095463
0.034759
0.053668
0.128434
0.031835
0.350121
0.038999
0.024581
0.019423
0.018066
0.060710
0.218542
0.027184
0.536679
0.350644
0.124819
0.040146
0.195230
0.090765
0.054723
0.062423
0.036954
0.259081
0.125165
0.139448
0.080676
0.124676
0.109455
0.036880
0.033125
0.062436
0.033805
0.040108
0.146067
0.038717
0.086784
0.019152
0.082990
0.020713
0.018172
0.025768
0.136165
0.027027
0.016768
0.049353
0.045794
0.061464
0.092737
0.019498
0.019756
0.161253
0.072598
0.029302
0.175074
0.064715
0.165146
0.066815
0.190572
0.019148
0.030801
0.019252
0.048725
0.029594
0.039224
0.016132
0.152113
0.091468
0.099814
0.151126
0.046434
0.033480
0.028800
0.197075
0.071704
0.068048
0.075820
0.029938
0.102918
0.038895
0.095431
0.082452
0.340936
0.056761
0.075674
0.037215
0.109369
0.040523
0.248572
0.093853
0.165315
0.115527
0.020970
0.074302
0.083029
0.058722
0.044984
0.318166
0.275545
0.125102
0.111754
0.027938
0.054058
0.073052
0.202433
0.172850
0.277062
0.047849
0.019038
0.269842
0.019626
0.027454
0.039069
0.222301
0.108200
0.098135
0.319137
0.036037
0.113321
0.026187
0.033478
0.054467
0.026529
0.231863
0.199010
0.112872
0.065182
0.021020
0.034248
0.097566
0.318909
0.177873
0.062794
0.064804
0.031835
0.022353
0.142769
0.177735
0.058230
0.280720
0.035934
0.080876
0.074392
0.034266
0.272712
0.039689
0.027701
0.133916
0.088506
0.030091
0.216747
0.156986
0.057414
0.116187
0.059367
0.023496
0.030497
0.038504
0.181179
0.092882
0.020588
0.068125
0.031060
0.033269
0.040197
0.070635
0.063858
0.149342
0.042812
0.096038
0.073000
0.028769
0.028739
0.018218
0.066767
0.281430
0.122554
0.030599
0.237273
0.079062
0.028326
0.031089
0.098031
0.302276
0.341390
0.031340
0.048200
0.253015
0.184329
0.141019
0.065736
0.208342
0.260642
0.197731
0.063105
0.114023
0.238999
0.169091
0.080800
0.080329
0.164257
0.035232
0.050950
0.021921
0.090401
0.167306
0.046013
0.050585
0.050091
0.195645
0.079795
0.065174
0.018393
0.081136
0.064664
0.056906
0.022426
0.102575
0.020818
0.168125
0.046982
0.342713
0.026635
0.018699
0.049021
0.034937
0.021925
0.016965
0.068442
0.064841
0.012278
0.084807
0.199667
0.299086
0.038823
0.041419
0.037053
0.018510
0.068212
0.026947
0.018547
0.064259
0.115123
0.027952
0.043649
0.020838
0.035295
0.018001
0.180279
0.043476
0.093107
0.147417
0.494541
0.160617
0.010880
0.199461
0.260929
0.167819
0.056900
0.076383
0.053876
0.018005
0.157410
0.039231
0.057603
0.034277
0.112216
0.039935
0.236294
0.021486
0.020498
0.132992
0.018326
0.061628
0.042360
0.175062
0.032189
0.080352
0.179604
0.141377
0.165376
0.028047
0.055547
0.031952
0.107966
0.046197
0.405254
0.037362
0.254288
0.056478
0.097951
0.111295
0.074277
0.036653
0.123766
0.233428
0.024203
0.026216
0.042343
0.053454
0.063405
0.034791
0.014687
0.014403
0.191698
0.024104
0.162147
0.026052
0.085175
0.030779
0.038668
0.043336
0.059098
0.028883
0.042010
0.029773
0.110379
0.095784
0.028898
0.029814
0.021120
0.048853
0.061980
0.049492
0.046335
0.250917
0.160773
0.014729
0.086863
0.110197
0.024949
0.115668
0.042596
0.017761
0.025259
0.028570
0.033501
0.017334
0.083219
0.048219
0.094393
0.068567
0.018189
0.079280
0.020187
0.080056
0.144524
0.017515
0.027351
0.020396
0.025403
0.014564
0.072587
0.062135
0.166054
0.052913
0.169396
0.019913
0.143813
0.049506
0.114753
0.064314
0.262862
0.131555
0.031701
0.078647
0.024422
0.076437
0.195658
0.129557
0.094155
0.019555
0.033283
0.038831
0.042316
0.124182
0.061253
0.110962
0.023513
0.050283
0.019892
0.059145
0.111632
0.085295
0.032074
0.142565
0.096392
0.240743
0.033215
0.152395
0.247265
0.098876
0.239543
0.049165
0.050710
0.084837
0.049859
0.035900
0.063016
0.025187
0.071704
0.032213
0.038638
0.023526
0.027270
0.064945
0.097585
0.019071
0.068089
0.026909
0.025665
0.163363
0.061506
0.093715
0.050201
0.017680
0.070992
0.018206
0.059301
0.060207
0.174217
0.025946
0.213053
0.098860
0.070293
0.068141
0.017213
0.054279
0.029903
0.092255
0.347571
0.174423
0.181423
0.037085
0.063778
0.052117
0.270989
0.666879
0.070077
0.031262
0.087429
0.022183
0.034945
0.075202
0.033897
0.045141
0.017443
0.099908
0.025040
0.237089
0.046878
0.024248
0.035854
0.227342
0.166428
0.058716
0.038245
0.050776
0.036428
0.153286
0.084224
0.152049
0.036526
0.245081
0.210863
0.056705
0.160204
0.022073
0.075841
0.070233
0.124722
0.085593
0.028636
0.047783
0.036622
0.026360
0.026354
0.093791
0.026161
0.044534
0.084749
0.013703
0.016630
0.023036
0.023094
0.027124
0.022942
0.048797
0.065247
0.336669
0.020936
0.015999
0.015887
0.022162
0.048350
0.031365
0.284592
0.134959
0.086353
0.040707
0.025938
0.138908
0.020352
0.022404
0.026425
0.074838
0.163137
0.030271
0.053885
0.045335
0.050302
0.076102
0.030099
0.115189
0.084391
0.027804
0.077694
0.098533
0.336192
0.126630
0.159036
0.031189
0.083092
0.222390
0.074582
0.094666
0.077184
0.126237
0.039702
0.140306
0.033867
0.392840
0.056890
0.076710
0.110578
0.135325
0.064865
0.083109
0.077603
0.048078
0.108476
0.171294
0.032723
0.037969
0.397339
0.290853
0.055778
0.058497
0.157514
0.107572
0.019930
0.037337
0.019360
0.088218
0.159295
0.184631
0.015427
0.101404
0.032914
0.024126
0.069858
0.025797
0.151641
0.196930
0.171424
0.071048
0.057284
0.033511
0.035699
0.114693
0.104333
0.032399
0.028555
0.027848
0.028881
0.074441
0.023002
0.176010
0.099840
0.112535
0.028583
0.047676
0.019815
0.072691
0.065684
0.100258
0.034362
0.135104
0.174305
0.045039
0.018869
0.019303
0.075688
0.020848
0.026658
0.015965
0.035345
0.072179
0.088768
0.239060
0.119968
0.089081
0.031409
0.137274
0.107900
0.034110
0.013919
0.034840
0.207989
0.137721
0.059414
0.059576
0.128335
0.032282
0.042821
0.045188
0.191554
0.119650
0.121546
0.027078
0.101771
0.074786
0.034501
0.027692
0.215075
0.049643
0.061090
0.446053
0.037310
0.026649
0.045925
0.029403
0.046178
0.022223
0.119230
0.017587
0.041032
0.270365
0.033161
0.143620
0.021911
0.022545
0.044204
0.698247
0.124452
0.063272
0.097945
0.074966
0.011901
0.029683
0.046087
0.014543
0.023961
0.028411
0.020475
0.051229
0.033933
0.022017
0.013294
0.035530
0.039313
0.036472
0.046481
0.117365
0.075877
0.125872
0.016770
0.024770
0.073280
0.116236
0.118669
0.015881
0.032839
0.016268
0.030891
0.026408
0.063651
0.028947
0.029180
0.035558
0.096276
0.017691
0.046557
0.043963
0.092393
0.046587
0.035063
0.012995
0.041234
0.253711
0.034819
0.029339
0.161264
0.273860
0.019937
0.169246
0.014468
0.072165
0.057843
0.046817
0.028715
0.026132
0.042103
0.029494
0.018313
0.040687
0.088014
0.028913
0.022052
0.028236
0.022830
0.065075
0.022396
0.029111
0.019515
0.033359
0.108156
0.016026
0.016816
0.028413
0.275619
0.276099
0.079581
0.129338
0.031724
0.084106
0.046838
0.016796
0.033918
0.183965
0.258988
0.170291
0.232733
0.052550
0.024415
0.102860
0.060201
0.201246
0.074722
0.042855
0.022660
0.016468
0.012751
0.024544
0.018615
0.017385
0.037606
0.012977
0.049316
0.013178
0.225617
0.073547
0.040725
0.029561
0.232436
0.150475
0.067300
0.012565
0.028587
0.116417
0.056815
0.032768
0.016648
0.021304
0.275292
0.020984
0.145113
0.016783
0.046509
0.058636
0.023507
0.089291
0.087937
0.043567
0.059747
0.098536
0.056189
0.039403
0.018837
0.026645
0.073266
0.158681
0.023976
0.080749
0.066934
0.143470
0.024187
0.146319
0.020462
0.077447
0.041275
0.439842
0.012360
0.124610
0.025913
0.031702
0.068523
0.028916
0.045796
0.026324
0.013224
0.241786
0.190124
0.045106
0.019663
0.039728
0.262814
0.155410
0.020227
0.053573
0.345974
0.017854
0.059359
0.103711
0.010714
0.214881
0.158350
0.095892
0.012214
0.018190
0.016662
0.309562
0.209962
0.082813
0.124588
0.045261
0.011485
0.077385
0.015502
0.014253
0.023026
0.014402
0.042784
0.023145
0.029291
0.178767
0.097321
0.014475
0.026873
0.014663
0.013607
0.024347
0.103562
0.223723
0.041202
0.063288
0.078556
0.025568
0.377421
0.383605
0.082953
0.019421
0.014000
0.013905
0.019985
0.019541
0.010151
0.010145
0.016401
0.018032
0.059808
0.029634
0.080827
0.014544
0.051370
0.037305
0.136366
0.056369
0.151132
0.130333
0.022303
0.051824
0.025257
0.062211
0.130925
0.073884
0.018545
0.093934
0.022003
0.018505
0.059141
0.075601
0.018668
0.058649
0.019536
0.022283
0.249243
0.017839
0.017296
0.025178
0.027173
0.040689
0.017894
0.020116
0.026506
0.195871
0.339865
0.020128
0.287769
0.060412
0.016936
0.117542
0.117316
0.378360
0.013378
0.019122
0.061235
0.019171
0.011593
0.065963
0.045035
0.127756
0.044992
0.010504
0.048845
0.085722
0.226615
0.050731
0.326448
0.038541
0.176732
0.029456
0.049009
0.130382
0.013921
0.012320
0.117723
0.013805
0.027731
0.012446
0.047016
0.085474
0.011970
0.017508
0.063123
0.014367
0.053497
0.055119
0.058594
0.011665
0.170915
0.019280
0.072032
0.199010
0.071715
0.032685
0.021449
0.035150
0.032760
0.040957
0.141218
0.023750
0.010918
0.026233
0.028903
0.085738
0.070781
0.033738
0.018245
0.034668
0.038426
0.101111
0.049164
0.023069
0.051498
0.021079
0.017464
0.010758
0.016797
0.021493
0.024234
0.020814
0.058279
0.058459
0.068751
0.284822
0.011607
0.081235
0.015674
0.148761
0.235509
0.072009
0.050191
0.031817
0.156796
0.068754
0.023911
0.115428
0.027060
0.044427
0.026240
0.014718
0.018225
0.019439
0.073801
0.011471
0.010606
0.013569
0.028456
0.032476
0.017704
0.155783
0.058722
0.012787
0.012707
0.015209
0.020139
0.110165
0.021793
0.025014
0.040714
0.023771
0.046884
0.290951
0.032850
0.040792
0.022849
0.037323
0.011276
0.016342
0.075420
0.012153
0.057192
0.011427
0.209206
0.038832
0.286232
0.039157
0.107432
0.088814
0.025147
0.025771
0.013151
0.049887
0.021980
0.148725
0.013302
0.082431
0.016203
0.038080
0.013042
0.020656
0.018406
0.017728
0.021761
0.017074
0.133383
0.231451
0.053164
0.063355
0.011717
0.044297
0.052287
0.019057
0.015337
0.080757
0.018295
0.194415
0.067397
0.037294
0.041837
0.051019
0.600658
0.079659
0.068781
0.066091
0.043356
0.029282
0.024467
0.043417
0.021891
0.034616
0.062303
0.024944
0.021879
0.012582
0.011232
0.023307
0.016261
0.118892
0.019021
0.033898
0.031954
0.133742
0.027061
0.011972
0.023206
0.028293
0.070788
0.051203
0.019617
0.018065
0.185238
0.045436
0.059826
0.023290
0.262454
0.058402
0.086009
0.016961
0.031885
0.045019
0.059559
0.061071
0.059431
0.058053
0.036301
0.030939
0.023438
0.030330
0.014733
0.011437
0.024328
0.031349
0.017546
0.025443
0.180068
0.012056
0.082271
0.036690
0.059773
0.043261
0.095010
0.051336
0.019864
0.019444
0.020977
0.098731
0.078562
0.053479
0.014427
0.145821
0.037401
0.015778
0.021207
0.130464
0.045203
0.071942
0.030806
0.076942
0.362985
0.037885
0.080016
0.012116
0.018322
0.273609
0.026512
0.048944
0.010722
0.012791
0.263408
0.038803
0.036889
0.012710
0.024552
0.151643
0.026053
0.126512
0.558721
0.209233
0.124538
0.019079
0.013790
0.015703
0.021497
0.014218
0.018731
0.294520
0.144046
0.042779
0.019792
0.010371
0.044510
0.031220
0.075806
0.287286
0.101786
0.015945
0.009469
0.012683
0.028962
0.013520
0.035339
0.097520
0.022438
0.016179
0.032397
0.029939
0.014255
0.195165
0.019929
0.013818
0.011122
0.027025
0.017686
0.071587
0.059414
0.020280
0.020875
0.022644
0.033126
0.049565
0.130607
0.073915
0.043725
0.082718
0.024927
0.013920
0.023620
0.028001
0.083731
0.036045
0.069802
0.091151
0.022207
0.063386
0.016464
0.135018
0.092331
0.047176
0.016339
0.060636
0.011419
0.117390
0.017793
0.009836
0.016315
0.264031
0.020435
0.014325
0.030261
0.080121
0.034542
0.170627
0.053890
0.014726
0.071414
0.179690
0.021378
0.062989
0.013879
0.040534
0.046294
0.013924
0.059033
0.039478
0.033865
0.185561
0.012165
0.025153
0.176580
0.195869
0.251548
0.023363
0.025884
0.114213
0.171337
0.360002
0.169605
0.086318
0.054675
0.029879
0.020072
0.023954
0.077449
0.010776
0.012004
0.058391
0.014058
0.071754
0.039484
0.016374
0.135258
0.082947
0.043999
0.022934
0.016878
0.031033
0.104791
0.098722
0.069603
0.126662
0.009758
0.020665
0.056094
0.012720
0.021013
0.199428
0.015166
0.015574
0.029435
0.026849
0.014466
0.029047
0.019492
0.023750
0.020662
0.009995
0.120220
0.013163
0.020523
0.015687
0.042130
0.035391
0.011688
0.059141
0.072707
0.029050
0.031533
0.010613
0.053252
0.016799
0.010171
0.156177
0.092081
0.314747
0.022120
0.073756
0.181940
0.015588
0.069178
0.021248
0.015181
0.195867
0.017373
0.059317
0.025510
0.056167
0.053739
0.034400
0.032112
0.019666
0.036787
0.016547
0.011635
0.021535
0.021881
0.017635
0.021292
0.020184
0.079185
0.022894
0.026376
0.018800
0.019481
0.017172
0.009851
0.029034
0.052905
0.150698
0.014341
0.070888
0.208479
0.018988
0.309070
0.016097
0.033851
0.011592
0.013542
0.014021
0.042744
0.156341
0.023586
0.017217
0.079586
0.019319
0.035681
0.015389
0.028741
0.010016
0.096088
0.048425
0.015710
0.042957
0.156461
0.019553
0.010462
0.015149
0.018599
0.008388
0.143520
0.010101
0.115583
0.012770
0.029681
0.022942
0.074384
0.039901
0.010990
0.014451
0.012767
0.024858
0.212077
0.016517
0.027790
0.164629
0.067465
0.014195
0.022457
0.070672
0.018728
0.017560
0.045412
0.030545
0.028751
0.015483
0.016756
0.138310
0.021178
0.030435
0.066754
0.059753
0.136929
0.098257
0.016426
0.029777
0.023062
0.127700
0.017383
0.015219
0.074962
0.020380
0.307427
0.243232
0.356272
0.050632
0.027022
0.067928
0.042871
0.248373
0.023662
0.012376
0.057629
0.137993
0.029157
0.194138
0.013283
0.046214
0.021026
0.039781
0.072804
0.056090
0.013529
0.009415
0.016326
0.087640
0.018977
0.019934
0.011076
0.011979
0.009931
0.012860
0.010410
0.032309
0.089138
0.054862
0.200297
0.083472
0.075558
0.045606
0.012766
0.192366
0.019227
0.085215
0.047300
0.102930
0.014575
0.115411
0.089963
0.091018
0.224532
0.070769
0.022387
0.012499
0.023152
0.014768
0.027952
0.029492
0.012303
0.012815
0.011503
0.025380
0.646221
0.015291
0.043165
0.017306
0.014503
0.124051
0.167220
0.127340
0.014063
0.016569
0.122530
0.014024
0.042962
0.049113
0.077428
0.118589
0.026300
0.010060
0.060424
0.009074
0.015783
0.023604
0.064131
0.044901
0.021909
0.034843
0.048056
0.016698
0.012020
0.020026
0.026004
0.020094
0.013365
0.042685
0.035819
0.042843
0.084529
0.012449
0.028780
0.051376
0.036908
0.010914
0.014666
0.016551
0.045013
0.046743
0.006490
0.308118
0.029777
0.056084
0.015289
0.008800
0.171368
0.141598
0.023928
0.026558
0.111628
0.088178
0.018639
0.191383
0.016732
0.020210
0.013216
0.109634
0.051139
0.024524
0.098062
0.033063
0.055485
0.030888
0.014244
0.079809
